   1.0      -1 -1.000    -1    -1    -1  -1  -1  -1  -1  -1  -1  -1   6.2  74
   2.0      -1 -1.000    -1    -1    -1  -1  -1  -1  -1  -1  -1  -1   6.2  74
   3.0      -1 -1.000    -1    -1    -1  -1  -1  -1  -1  -1  -1  -1   6.2  74
   4.0      -1 -1.000    -1    -1    -1  -1  -1  -1  -1  -1  -1  -1   6.2  74
   5.0      -1 -1.000    -1    -1    -1  -1  -1  -1  -1  -1  -1  -1   6.2  74
   6.0      -1 -1.000    -1    -1    -1  -1  -1  -1  -1  -1  -1  -1   6.2  74
   7.0      -1 -1.000    -1    -1    -1  -1  -1  -1  -1  -1  -1  -1   6.2  74
   8.0      -1 -1.000    -1    -1    -1  -1  -1  -1  -1  -1  -1  -1   6.2  74
   9.0      -1 -1.000    -1    -1    -1  -1  -1  -1  -1  -1  -1  -1   6.2  74
  10.0      -1 -1.000    -1    -1    -1  -1  -1  -1  -1  -1  -1  -1   6.2  74
  11.0      -1 -1.000    -1    -1    -1  -1  -1  -1  -1  -1  -1  -1   6.2  74
  12.0      -1 -1.000    -1    -1    -1  -1  -1  -1  -1  -1  -1  -1   6.2  74
  13.0      -1 -1.000    -1    -1    -1  -1  -1  -1  -1  -1  -1  -1   6.2  74
  14.0      -1 -1.000    -1    -1    -1  -1  -1  -1  -1  -1  -1  -1   6.2  74
  15.0      -1 -1.000    -1    -1    -1  -1  -1  -1  -1  -1  -1  -1   6.2  74
  16.0      -1 -1.000    -1    -1    -1  -1  -1  -1  -1  -1  -1  -1   6.2  74
  17.0      -1 -1.000    -1    -1    -1  -1  -1  -1  -1  -1  -1  -1   6.2  74
  18.0      -1 -1.000    -1    -1    -1  -1  -1  -1  -1  -1  -1  -1   6.2  74
  19.0      -1 -1.000    -1    -1    -1  -1  -1  -1  -1  -1  -1  -1   6.2  74
  20.0      -1 -1.000    -1    -1    -1  -1  -1  -1  -1  -1  -1  -1   6.2  74
  21.0      -1 -1.000    -1    -1    -1  -1  -1  -1  -1  -1  -1  -1   6.2  74
  22.0      -1 -1.000    -1    -1    -1  -1  -1  -1  -1  -1  -1  -1   6.2  74
  23.0      -1 -1.000    -1    -1    -1  -1  -1  -1  -1  -1  -1  -1   6.2  74
  24.0      -1 -1.000    -1    -1    -1  -1  -1  -1  -1  -1  -1  -1   6.2  74
  25.0      -1 -1.000    -1    -1    -1  -1  -1  -1  -1  -1  -1  -1   6.2  74
  26.0      -1 -1.000    -1    -1    -1  -1  -1  -1  -1  -1  -1  -1   6.2  74
  27.0      -1 -1.000    -1    -1    -1  -1  -1  -1  -1  -1  -1  -1   6.2  74
  28.0      -1 -1.000    -1    -1    -1  -1  -1  -1  -1  -1  -1  -1   6.2  74
  29.0      -1 -1.000    -1    -1    -1  -1  -1  -1  -1  -1  -1  -1   6.2  74
  30.0      -1 -1.000    -1    -1    -1  -1  -1  -1  -1  -1  -1  -1   6.2  74
  31.0      -1 -1.000    -1    -1    -1  -1  -1  -1  -1  -1  -1  -1   6.2  74
  32.0      -1 -1.000    -1    -1    -1  -1  -1  -1  -1  -1  -1  -1   6.2  74
  33.0      -1 -1.000    -1    -1    -1  -1  -1  -1  -1  -1  -1  -1   6.2  74
  34.0      -1 -1.000    -1    -1    -1  -1  -1  -1  -1  -1  -1  -1   6.2  74
  35.0      -1 -1.000    -1    -1    -1  -1  -1  -1  -1  -1  -1  -1   6.2  74
  36.0      -1 -1.000    -1    -1    -1  -1  -1  -1  -1  -1  -1  -1   6.2  74
  37.0      -1 -1.000    -1    -1    -1  -1  -1  -1  -1  -1  -1  -1   6.2  74
  38.0      -1 -1.000    -1    -1    -1  -1  -1  -1  -1  -1  -1  -1   6.2  74
  39.0      -1 -1.000    -1    -1    -1  -1  -1  -1  -1  -1  -1  -1   6.2  74
  40.0      -1 -1.000    -1    -1    -1  -1  -1  -1  -1  -1  -1  -1   6.2  74
  41.0      -1 -1.000    -1    -1    -1  -1  -1  -1  -1  -1  -1  -1   6.2  74
  42.0      -1 -1.000    -1    -1    -1  -1  -1  -1  -1  -1  -1  -1   6.2  74
  43.0      -1 -1.000    -1    -1    -1  -1  -1  -1  -1  -1  -1  -1   6.2  74
  44.0      -1 -1.000    -1    -1    -1  -1  -1  -1  -1  -1  -1  -1   6.2  74
  45.0      -1 -1.000    -1    -1    -1  -1  -1  -1  -1  -1  -1  -1   6.2  74
  46.0      -1 -1.000    -1    -1    -1  -1  -1  -1  -1  -1  -1  -1   6.2  74
  47.0      -1 -1.000    -1    -1    -1  -1  -1  -1  -1  -1  -1  -1   6.2  74
  48.0      -1 -1.000    -1    -1    -1  -1  -1  -1  -1  -1  -1  -1   6.2  74
  49.0      -1 -1.000    -1    -1    -1  -1  -1  -1  -1  -1  -1  -1   6.2  74
  50.0      -1 -1.000    -1    -1    -1  -1  -1  -1  -1  -1  -1  -1   6.2  74
  51.0      -1 -1.000    -1    -1    -1  -1  -1  -1  -1  -1  -1  -1   6.2  74
  52.0      -1 -1.000    -1    -1    -1  -1  -1  -1  -1  -1  -1  -1   6.2  74
  53.0      -1 -1.000    -1    -1    -1  -1  -1  -1  -1  -1  -1  -1   6.2  74
  54.0      -1 -1.000    -1    -1    -1  -1  -1  -1  -1  -1  -1  -1   6.2  74
  55.0      -1 -1.000    -1    -1    -1  -1  -1  -1  -1  -1  -1  -1   6.2  74
  56.0      -1 -1.000    -1    -1    -1  -1  -1  -1  -1  -1  -1  -1   6.2  74
  57.0      -1 -1.000    -1    -1    -1  -1  -1  -1  -1  -1  -1  -1   6.2  74
  58.0      -1 -1.000    -1    -1    -1  -1  -1  -1  -1  -1  -1  -1   6.2  74
  59.0      -1 -1.000    -1    -1    -1  -1  -1  -1  -1  -1  -1  -1   6.2  74
  60.0      -1 -1.000   237   237   237  -1  -1  -1  -1  -1  -1  -1   6.2  74
  61.0      -1 -1.000   235   235   235  -1  -1  -1  -1  -1  -1  -1   6.2  74
  62.0      -1 -1.000   233   233   233  -1  -1  -1  -1  -1  -1  -1   6.2  74
  63.0      -1 -1.000   231   231   231  -1  -1  -1  -1  -1  -1  -1   6.2  74
  64.0      -1 -1.000   229   229   229  -1  -1  -1  -1  -1  -1  -1   6.2  74
  65.0       3  0.000   228   228   228  -1  -1  -1  -1  -1  -1  -1   6.2  74
  66.0       6  0.000   226   226   226  -1  -1  -1  -1  -1  -1  -1   6.2  74
  67.0      11  0.000   225   225   225  -1  -1  -1  -1  -1  -1  -1   6.2  74
  68.0      18  0.000   223   223   223  -1  -1  -1  -1  -1  -1  -1   6.2  74
  69.0      29  0.000   222   222   222  -1  -1  -1  -1  -1  -1  -1   6.2  74
  70.0      45  0.000   220   220   220  -1  -1  -1  -1  -1  -1  -1   6.2  74
  71.0      64  0.000   219   219   219  -1  -1  -1  -1  -1  -1  -1   6.2  74
  72.0      88  0.000   218   218   218  -1  -1  -1  -1  -1  -1  -1   6.2  74
  73.0     116  0.000   217   217   217  -1  -1  -1  -1  -1  -1  -1   6.2  74
  74.0     148  0.000   215   215   215  -1  -1  -1  -1  -1  -1  -1   6.2  74
  75.0     181  0.001   214   214   214  -1  -1  -1  -1  -1  -1  -1   6.2  74
  76.0     215  0.001   213   213   213  -1  -1  -1  -1  -1  -1  -1   6.2  74
  77.0     248  0.001   212   212   212  -1  -1  -1  -1  -1  -1  -1   6.2  74
  78.0     279  0.001   211   211   211  -1  -1  -1  -1  -1  -1  -1   6.2  74
  79.0     308  0.001   210   210   210  -1  -1  -1  -1  -1  -1  -1   6.2  74
  80.0     334  0.001   208   208   208   0   0   0   0   2 998  -1   6.2  74
  81.0     357  0.001   207   207   207   0   0   0   0   2 998  -1   6.2  74
  82.0     377  0.001   206   206   206   0   0   0   0   3 997  -1   6.2  74
  83.0     397  0.001   204   204   204   0   0   0   0   3 997  -1   6.2  74
  84.0     418  0.001   202   202   202   0   0   0   0   3 997  -1   6.2  74
  85.0     458  0.002   200   200   200   0   0   0   0   4 996  -1   6.2  74
  86.0     550  0.002   198   198   198   0   0   0   0   5 995  -1   6.2  74
  87.0     761  0.003   196   196   196   0   0   0   0   6 994  -1   6.2  74
  88.0    1262  0.004   194   194   194   0   0   0   0  11 989  -1   6.2  74
  89.0    2080  0.007   192   192   192   0   0   0   0  18 982  -1   6.2  74
  90.0    3174  0.010   189   189   189   0   0   0   0  27 973  -1   6.2  74
  91.0    4522  0.015   186   186   186   0   0   0   0  39 961  -1   6.2  74
  92.0    6065  0.020   184   184   184   0   0   0   0  52 948  -1   6.2  74
  93.0    7718  0.025   181   181   181   0   0   0   0  69 931  -1   6.2  74
  94.0    9387  0.031   179   179   179   0   0   0   0  88 912  -1   6.2  74
  95.0   10980  0.036   177   177   177   0   0   0   0 107 893  -1   6.2  74
  96.0   12427  0.041   175   175   175   0   0   0   0 125 875  -1   6.2  74
  97.0   13680  0.045   174   174   174   0   0   0   0 143 857  -1   6.2  74
  98.0   14719  0.048   173   173   173   0   0   0   0 159 841  -1   6.2  74
  99.0   15542  0.051   173   173   173   0   0   0   0 173 827  -1   6.2  74
 100.0   16168  0.053   174   174   174   0   0   0   0 186 814  -1   6.2  74
 101.0   16621  0.055   176   176   176   0   0   0   0 196 804  -1   6.2  74
 102.0   16935  0.056   179   179   179   0   0   0   0 205 795  -1   6.2  74
 103.0   17139  0.056   182   182   182   0   0   0   0 213 787  -1   6.2  74
 104.0   17263  0.057   187   187   187   0   0   0   0 219 781  -1   6.2  74
 105.0   17333  0.057   192   192   192   0   0   0   0 224 776  -1   6.2  74
 106.0   17367  0.057   198   198   198   0   0   0   0 228 772  -1   6.2  74
 107.0   17382  0.057   205   205   205   0   0   0   0 232 768  -1   6.2  74
 108.0   17386  0.057   213   213   213   0   0   0   0 235 765  -1   6.2  74
 109.0   17387  0.057   222   222   222   0   0   0   0 238 762  -1   6.2  74
 110.0   17387  0.057   232   232   232   0   0   0   0 241 759  -1   6.2  74
 111.0   17294  0.057   242   242   242   0   0   0   0 242 758  -1   6.2  74
 112.0   17046  0.056   253   253   253   0   0   0   0 240 760  -1   6.2  74
 113.0   16688  0.055   265   265   265   0   0   0   0 233 767  -1   6.2  74
 114.0   16257  0.053   278   278   278   0   0   0   0 217 783  -1   6.2  74
 115.0   15784  0.052   292   292   292   0   0   0   0 202 798  -1   6.2  74
 116.0   15299  0.050   306   306   306   0   0   0   0 193 807  -1   6.2  74
 117.0   14824  0.049   321   321   321   0   0   0   0 188 812  -1   6.2  74
 118.0   14378  0.047   336   336   336   0   0   0   0 183 817  -1   6.2  74
 119.0   13975  0.046   351   351   351   0   0   0   0 179 821  -1   6.2  74
 120.0   13627  0.045   366   366   366   0   0   0   0 175 825  -1   6.2  74
 121.0   13343  0.044   381   381   381   0   0   0   0 171 828  -1   6.2  74
 122.0   13126  0.043   394   394   394   0   0   0   0 169 831  -1   6.2  74
 123.0   12980  0.043   406   406   407   0   0   0   0 167 832  -1   6.2  74
 124.0   12904  0.042   416   416   420   0   0   0   0 166 833  -1   6.2  74
 125.0   12898  0.042   425   425   434   0   0   0   0 166 834  -1   6.2  74
 126.0   12956  0.043   434   434   447   0   0   0   0 166 834  -1   6.2  74
 127.0   13075  0.043   443   443   461   0   0   0   0 166 834  -1   6.2  74
 128.0   13249  0.044   451   451   475   0   0   0   0 166 833  -1   6.2  74
 129.0   13472  0.044   460   460   488   0   0   0   0 167 832  -1   6.2  74
 130.0   13736  0.045   468   468   502   1   0   0   0 169 831  -1   6.2  74
 131.0   14035  0.046   476   476   515   1   0   0   0 170 829  -1   6.2  74
 132.0   14362  0.047   484   484   529   1   0   0   0 171 828  -1   6.2  74
 133.0   14712  0.048   492   492   542   1   0   0   0 173 826  -1   6.2  74
 134.0   15080  0.050   500   500   556   1   0   0   0 174 824  -1   6.2  74
 135.0   15462  0.051   507   507   569   1   0   0   0 176 823  -1   6.2  74
 136.0   15857  0.052   514   514   583   1   0   0   0 177 821  -1   6.2  74
 137.0   16264  0.053   521   521   596   2   0   0   0 179 819  -1   6.2  74
 138.0   16686  0.055   528   528   610   2   0   0   0 180 817  -1   6.2  74
 139.0   17127  0.056   535   535   623   2   0   0   0 182 815  -1   6.2  74
 140.0   17512  0.058   542   542   637   2   0   0   0 183 814  -1   6.2  74
 141.0   17802  0.059   548   548   650   3   0   0   0 184 813  -1   6.2  74
 142.0   18099  0.059   555   555   664   3   0   0   0 184 812  -1   6.2  74
 143.0   18404  0.060   561   561   678   3   0   0   0 185 811  -1   6.2  74
 144.0   18717  0.062   567   567   691   4   0   0   0 186 809  -1   6.2  74
 145.0   19037  0.063   573   573   705   4   0   0   0 187 808  -1   6.2  74
 146.0   19367  0.064   578   578   718   5   0   0   0 188 807  -1   6.2  74
 147.0   19704  0.065   584   584   732   5   0   0   0 189 805  -1   6.2  74
 148.0   20052  0.066   590   590   745   6   0   0   0 190 803  -1   6.2  74
 149.0   20408  0.067   595   595   759   6   0   0   0 192 801  -1   6.2  74
 150.0   20775  0.068   600   600   772   7   0   0   0 194 798  -1   6.2  74
 151.0   21153  0.070   606   606   786   8   0   0   0 196 795  -1   6.2  74
 152.0   21542  0.071   611   611   799   8   0   0   0 198 792  -1   6.2  74
 153.0   21942  0.072   616   616   813   9   0   0   0 200 789  -1   6.2  74
 154.0   22355  0.073   620   620   826  10   0   0   0 203 785  -1   6.2  74
 155.0   22780  0.075   625   625   840  11   0   0   0 206 781  -1   6.2  74
 156.0   23219  0.076   630   630   853  12   0   0   0 210 776  -1   6.2  74
 157.0   23673  0.078   634   634   867  13   0   0   0 213 772  -1   6.2  74
 158.0   24142  0.079   639   639   881  14   0   0   0 217 767  -1   6.2  74
 159.0   24628  0.081   643   643   894  15   0   0   0 221 761  -1   6.2  74
 160.0   25130  0.083   647   647   908  17   0   0   0 225 756  -1   6.2  74
 161.0   25652  0.084   651   651   921  18   0   0   0 230 750  -1   6.2  74
 162.0   26193  0.086   655   655   935  19   0   0   0 234 744  -1   6.2  74
 163.0   26755  0.088   659   659   948  21   0   0   0 239 738  -1   6.2  74
 164.0   27340  0.090   663   663   962  23   0   0   0 243 732  -1   6.2  74
 165.0   27950  0.092   667   667   975  24   0   0   0 248 725  -1   6.2  74
 166.0   28587  0.094   671   671   989  26   0   0   0 252 719  -1   6.2  74
 167.0   29252  0.096   674   674  1002  28   1   0   0 256 713  -1   6.2  74
 168.0   29950  0.098   678   678  1016  31   1   0   0 260 706  -1   6.2  74
 169.0   30682  0.101   681   681  1029  33   1   0   0 264 700  -1   6.2  74
 170.0   31453  0.103   685   685  1043  36   1   0   0 268 693  -1   6.2  74
 171.0   32267  0.106   688   688  1056  39   1   0   0 271 686  -1   6.2  74
 172.0   33129  0.109   691   691  1070  42   1   0   0 275 680  -1   6.2  74
 173.0   34045  0.112   694   694  1083  46   1   0   0 277 673  -1   6.2  74
 174.0   35024  0.115   697   697  1097  50   1   0   0 280 666  -1   6.2  74
 175.0   36075  0.119   700   700  1110  54   1   0   0 283 659  -1   6.2  74
 176.0   37210  0.122   703   703  1124  59   1   0   0 285 652  -1   6.2  74
 177.0   38448  0.126   706   706  1137  64   1   0   0 287 644  -1   6.2  74
 178.0   39810  0.131   709   709  1150  71   1   0   0 288 636  -1   6.2  74
 179.0   41331  0.136   712   712  1164  77   1   0   0 290 628  -1   6.2  74
 180.0   43063  0.142   715   715  1177  85   1   0   0 291 619  -1   6.2  74
 181.0   45094  0.148   717   717  1190  94   1   0   0 292 608  -1   6.2  74
 182.0   47600  0.156   720   720  1203 104   2   0   0 293 596  -1   6.2  74
 183.0   50783  0.167   722   722  1216 117   2   0   0 294 582  -1   6.2  74
 184.0   54172  0.178   725   725  1229 131   2   0   0 294 568  -1   6.2  74
 185.0   57702  0.190   727   727  1242 146   2   0   0 293 554  -1   6.2  74
 186.0   61372  0.202   729   729  1255 162   2   0   0 291 539  -1   6.2  74
 187.0   65182  0.214   732   732  1268 179   2   0   0 288 524  -1   6.2  74
 188.0   69128  0.227   734   734  1280 198   3   0   0 284 509  -1   6.2  74
 189.0   73210  0.241   736   736  1292 218   3   0   0 279 494  -1   6.2  74
 190.0   77423  0.255   738   738  1304 239   3   0   0 273 478  -1   6.2  74
 191.0   81766  0.269   741   741  1316 261   3   0   0 266 462  -1   6.2  74
 192.0   86233  0.283   743   743  1327 284   4   0   0 259 445  -1   6.2  74
 193.0   90821  0.299   745   745  1338 308   4   0   0 251 429  -1   6.2  74
 194.0   95525  0.314   747   747  1349 333   4   0   0 243 412  -1   6.2  74
 195.0  100338  0.330   749   749  1359 358   4   0   0 234 395  -1   6.2  74
 196.0  105255  0.346   750   750  1369 383   4   0   0 226 378  -1   6.2  74
 197.0  110270  0.362   752   752  1379 409   5   0   0 217 361  -1   6.2  74
 198.0  115375  0.379   754   754  1387 435   5   0   0 207 344  -1   6.2  74
 199.0  120563  0.396   756   756  1396 461   5   0   0 198 327  -1   6.2  74
 200.0  125827  0.414   758   758  1404 486   5   0   0 189 310  -1   6.2  74
 201.0  131156  0.431   759   759  1411 512   5   0   0 180 294  -1   6.2  74
 202.0  136544  0.449   761   761  1418 536   5   0   0 171 278  -1   6.2  74
 203.0  141981  0.467   763   763  1425 561   5   0   0 162 262  -1   6.2  74
 204.0  147458  0.485   764   765  1432 584   5   0   0 153 247  -1   6.2  74
 205.0  152965  0.503   766   767  1438 607   6   0   0 145 233  -1   6.2  74
 206.0  158493  0.521   767   769  1443 629   6   0   0 137 219  -1   6.2  74
 207.0  164031  0.539   769   771  1449 650   6   0   0 129 206  -1   6.2  74
 208.0  169569  0.557   770   773  1454 670   6   0   0 122 193  -1   6.2  74
 209.0  175098  0.576   772   775  1459 689   6   0   0 114 182  -1   6.2  74
 210.0  180608  0.594   773   776  1464 707   6   0   0 108 170  -1   6.2  74
 211.0  186087  0.612   774   778  1469 724   6   0   0 101 160  -1   6.2  74
 212.0  191526  0.630   776   780  1474 740   6   0   0  95 150  -1   6.2  74
 213.0  196916  0.647   777   782  1478 756   6   0   0  90 140  -1   6.2  74
 214.0  202245  0.665   778   784  1483 770   6   0   0  84 131  -1   6.2  74
 215.0  207505  0.682   779   786  1487 784   6   0   0  79 123  -1   6.2  74
 216.0  212686  0.699   781   788  1492 797   6   0   0  74 115  -1   6.2  74
 217.0  217779  0.716   782   790  1496 808   6   0   0  70 108  -1   6.2  74
 218.0  222774  0.732   783   792  1501 820   6   0   0  66 101  -1   6.2  74
 219.0  227664  0.748   784   793  1505 830   6   0   0  62  95  -1   6.2  74
 220.0  232441  0.764   785   795  1509 840   6   0   0  58  89  -1   6.2  74
 221.0  237096  0.779   786   797  1513 849   6   0   0  55  83  -1   6.2  74
 222.0  241622  0.794   787   799  1518 858   5   0   0  51  78  -1   6.2  74
 223.0  246014  0.809   788   801  1522 866   5   0   0  48  74  -1   6.2  74
 224.0  250263  0.823   789   803  1526 873   5   0   0  46  69  -1   6.2  74
 225.0  254366  0.836   790   805  1530 880   5   0   0  43  65  -1   6.2  74
 226.0  258315  0.849   791   807  1535 887   5   0   0  41  61  -1   6.2  74
 227.0  262108  0.862   792   809  1539 893   5   0   0  38  58  -1   6.2  74
 228.0  265739  0.874   793   810  1543 898   5   0   0  36  54  -1   6.2  74
 229.0  269206  0.885   794   812  1547 904   5   0   0  34  51  -1   6.2  74
 230.0  272504  0.896   795   814  1551 909   5   0   0  32  48  -1   6.2  74
 231.0  275634  0.906   796   816  1556 913   5   0   0  31  45  -1   6.2  74
 232.0  278591  0.916   797   818  1560 918   5   0   0  29  43  -1   6.2  74
 233.0  281376  0.925   798   820  1564 922   5   0   0  27  41  -1   6.2  74
 234.0  283988  0.934   799   822  1568 926   5   0   0  26  38  -1   6.2  74
 235.0  286427  0.942   799   824  1572 929   5   0   0  25  36  -1   6.2  74
 236.0  288694  0.949   800   826  1576 933   5   0   0  23  34  -1   6.2  74
 237.0  290789  0.956   801   827  1581 936   5   0   0  22  33  -1   6.2  74
 238.0  292716  0.962   802   829  1585 939   5   0   0  21  31  -1   6.2  74
 239.0  294476  0.968   802   831  1589 941   5   0   0  20  29  -1   6.2  74
 240.0  296072  0.973   803   833  1593 944   5   0   0  19  28  -1   6.2  74
 241.0  297507  0.978   804   835  1597 947   5   0   0  18  26  -1   6.2  74
 242.0  298787  0.982   804   837  1601 949   5   0   0  17  25  -1   6.2  74
 243.0  299914  0.986   805   839  1606 951   5   0   0  17  24  -1   6.2  74
 244.0  300895  0.989   806   841  1610 953   5   0   0  16  23  -1   6.2  74
 245.0  301734  0.992   806   842  1614 955   5   0   0  15  22  -1   6.2  74
 246.0  302438  0.994   807   844  1618 957   5   0   0  14  21  -1   6.2  74
 247.0  303012  0.996   808   846  1622 959   5   0   0  14  20  -1   6.2  74
 248.0  303464  0.998   808   848  1626 960   5   0   0  13  19  -1   6.2  74
 249.0  303802  0.999   809   850  1631 962   5   0   0  13  18  -1   6.2  74
 250.0  304032  0.999   809   852  1635 963   5   0   0  12  17  -1   6.2  74
 251.0  304164  1.000   810   854  1639 964   5   0   0  12  16  -1   6.2  74
 252.0  304207  1.000   811   856  1643 966   5   0   0  11  16  -1   6.2  74
 253.0  304184  1.000   811   858  1647 967   5   0   0  11  15  -1   6.2  74
 254.0  304110  1.000   812   859  1652 968   5   0   0  10  14  -1   6.2  74
 255.0  303986  0.999   812   861  1656 969   5   0   0  10  14  -1   6.2  74
 256.0  303814  0.999   813   863  1660 970   5   0   0   9  13  -1   6.2  74
 257.0  303594  0.998   813   865  1664 971   5   0   0   9  12  -1   6.2  74
 258.0  303327  0.997   814   867  1668 972   5   0   0   9  12  -1   6.2  74
 259.0  303013  0.996   814   869  1672 973   5   0   0   8  12  -1   6.2  74
 260.0  302653  0.995   815   871  1677 973   5   0   0   8  11  -1   6.2  74
 261.0  302249  0.994   815   873  1681 974   5   0   0   8  11  -1   6.2  74
 262.0  301801  0.992   815   875  1685 974   6   0   0   7  11  -1   6.2  74
 263.0  301311  0.990   816   876  1689 974   6   0   0   7  10  -1   6.2  74
 264.0  300778  0.989   816   878  1693 975   6   0   0   7  10  -1   6.2  74
 265.0  300203  0.987   817   880  1697 975   6   0   0   7  10  -1   6.2  74
 266.0  299589  0.985   817   882  1702 975   6   0   0   7  10  -1   6.2  74
 267.0  298935  0.983   818   884  1706 976   6   0   0   6  10  -1   6.2  74
 268.0  298242  0.980   818   886  1710 976   6   0   0   6   9  -1   6.2  74
 269.0  297512  0.978   818   888  1714 976   7   0   0   6   9  -1   6.2  74
 270.0  296746  0.975   819   890  1718 976   7   0   0   6   9  -1   6.2  74
 271.0  295943  0.973   819   892  1722 976   7   0   0   6   9  -1   6.2  74
 272.0  295106  0.970   819   893  1727 977   7   0   0   5   8  -1   6.2  74
 273.0  294235  0.967   820   895  1731 977   7   0   0   5   8  -1   6.2  74
 274.0  293331  0.964   820   897  1735 977   7   0   0   5   8  -1   6.2  74
 275.0  292394  0.961   820   899  1739 977   8   0   0   5   8  -1   6.2  74
 276.0  291427  0.958   821   901  1743 977   8   0   0   5   8  -1   6.2  74
 277.0  290430  0.955   821   903  1747 978   8   0   0   5   8  -1   6.2  74
 278.0  289403  0.951   821   905  1752 978   8   0   0   5   7  -1   6.2  74
 279.0  288348  0.948   822   907  1756 978   8   0   0   4   7  -1   6.2  74
 280.0  287265  0.944   822   908  1760 978   8   0   0   4   7  -1   6.2  74
 281.0  286156  0.941   822   910  1764 978   9   0   0   4   7  -1   6.2  74
 282.0  285021  0.937   823   912  1768 978   9   0   0   4   7  -1   6.2  74
 283.0  283861  0.933   823   914  1772 978   9   0   0   4   7  -1   6.2  74
 284.0  282677  0.929   823   916  1777 978   9   0   0   4   6  -1   6.2  74
 285.0  281471  0.925   823   918  1781 978   9   0   0   4   6  -1   6.2  74
 286.0  280242  0.921   824   920  1785 979   9   0   0   4   6  -1   6.2  74
 287.0  278992  0.917   824   922  1789 979  10   0   0   4   6  -1   6.2  74
 288.0  277721  0.913   824   924  1793 979  10   0   0   3   6  -1   6.2  74
 289.0  276431  0.909   824   925  1797 979  10   0   0   3   6  -1   6.2  74
 290.0  275122  0.904   825   927  1802 979  10   0   0   3   6  -1   6.2  74
 291.0  273795  0.900   825   929  1806 979  10   0   0   3   5  -1   6.2  74
 292.0  272450  0.896   825   931  1810 979  11   0   0   3   5  -1   6.2  74
 293.0  271090  0.891   825   933  1814 979  11   0   0   3   5  -1   6.2  74
 294.0  269713  0.887   826   935  1818 979  11   0   0   3   5  -1   6.2  74
 295.0  268322  0.882   826   937  1823 979  11   0   0   3   5  -1   6.2  74
 296.0  266916  0.877   826   939  1827 979  11   0   0   3   5  -1   6.2  74
 297.0  265497  0.873   826   941  1831 979  12   0   0   3   5  -1   6.2  74
 298.0  264066  0.868   826   942  1835 979  12   0   0   3   5  -1   6.2  74
 299.0  262622  0.863   827   944  1839 979  12   0   0   3   5  -1   6.2  74
 300.0  261167  0.859   827   946  1843 978  20   2   0   0   0  -1   6.2  74
 301.0  259702  0.854   827   948  1848 978  20   2   0   0   0  -1   6.2  74
 302.0  258226  0.849   827   950  1852 978  20   2   0   0   0  -1   6.2  74
 303.0  256741  0.844   827   952  1856 978  20   2   0   0   0  -1   6.2  74
 304.0  255248  0.839   828   954  1860 978  20   2   0   0   0  -1   6.2  74
 305.0  253747  0.834   828   956  1864 978  20   2   0   0   0  -1   6.2  74
 306.0  252238  0.829   828   958  1868 978  20   2   0   0   0  -1   6.2  74
 307.0  250722  0.824   828   959  1873 977  20   2   0   0   0  -1   6.2  74
 308.0  249200  0.819   828   961  1877 977  21   2   0   0   0  -1   6.2  74
 309.0  247673  0.814   828   963  1881 977  21   2   0   0   0  -1   6.2  74
 310.0  246140  0.809   829   965  1885 977  21   2   0   0   0  -1   6.2  74
 311.0  244603  0.804   829   967  1889 977  21   2   0   0   0  -1   6.2  74
 312.0  243062  0.799   829   969  1893 977  21   2   0   0   0  -1   6.2  74
 313.0  241517  0.794   829   971  1898 977  21   2   0   0   0  -1   6.2  74
 314.0  239970  0.789   829   973  1902 977  21   2   0   0   0  -1   6.2  74
 315.0  238420  0.784   829   975  1906 976  21   2   0   0   0  -1   6.2  74
 316.0  236868  0.779   829   976  1910 976  21   2   0   0   0  -1   6.2  74
 317.0  235314  0.774   830   978  1914 976  21   2   0   0   0  -1   6.2  74
 318.0  233759  0.768   830   980  1918 976  21   2   0   0   0  -1   6.2  74
 319.0  232204  0.763   830   982  1923 976  22   2   0   0   0  -1   6.2  74
 320.0  230648  0.758   830   984  1927 976  22   2   1   0   0  -1   6.2  74
 321.0  229093  0.753   830   986  1931 976  22   2   1   0   0  -1   6.2  74
 322.0  227538  0.748   830   988  1935 976  22   2   1   0   0  -1   6.2  74
 323.0  225984  0.743   830   990  1939 975  22   2   1   0   0  -1   6.2  74
 324.0  224431  0.738   830   991  1943 975  22   2   1   0   0  -1   6.2  74
 325.0  222880  0.733   831   993  1948 975  22   2   1   0   0  -1   6.2  74
 326.0  221331  0.728   831   995  1952 975  22   2   1   0   0  -1   6.2  74
 327.0  219785  0.722   831   997  1956 975  22   2   1   0   0  -1   6.2  74
 328.0  218241  0.717   831   999  1960 975  22   2   1   0   0  -1   6.2  74
 329.0  216700  0.712   831  1001  1964 975  22   2   1   0   0  -1   6.2  74
 330.0  215163  0.707   831  1003  1968 974  23   2   1   0   0  -1   6.2  74
 331.0  213629  0.702   831  1005  1973 974  23   2   1   0   0  -1   6.2  74
 332.0  212100  0.697   831  1007  1977 974  23   2   1   0   0  -1   6.2  74
 333.0  210574  0.692   831  1008  1981 974  23   3   1   0   0  -1   6.2  74
 334.0  209053  0.687   831  1010  1985 974  23   3   1   0   0  -1   6.2  74
 335.0  207536  0.682   832  1012  1989 974  23   3   1   0   0  -1   6.2  74
 336.0  206025  0.677   832  1014  1993 974  23   3   1   0   0  -1   6.2  74
 337.0  204519  0.672   832  1016  1998 973  23   3   1   0   0  -1   6.2  74
 338.0  203018  0.667   832  1018  2002 973  23   3   1   0   0  -1   6.2  74
 339.0  201523  0.662   832  1020  2006 973  23   3   1   0   0  -1   6.2  74
 340.0  200034  0.658   832  1022  2010 973  24   3   1   0   0  -1   6.2  74
 341.0  198551  0.653   832  1024  2014 973  24   3   1   0   0  -1   6.2  74
 342.0  197074  0.648   832  1025  2018 973  24   3   1   0   0  -1   6.2  74
 343.0  195603  0.643   832  1027  2022 973  24   3   1   0   0  -1   6.2  74
 344.0  194140  0.638   832  1029  2027 972  24   3   1   0   0  -1   6.2  74
 345.0  192683  0.633   832  1031  2031 972  24   3   1   0   0  -1   6.2  74
 346.0  191232  0.629   832  1033  2035 972  24   3   1   0   0  -1   6.2  74
 347.0  189789  0.624   833  1035  2039 972  24   3   1   0   0  -1   6.2  74
 348.0  188354  0.619   833  1037  2043 972  24   3   1   0   0  -1   6.2  74
 349.0  186925  0.614   833  1039  2047 972  24   3   1   0   0  -1   6.2  74
 350.0  185504  0.610   833  1041  2051 971  25   3   1   0   0  -1   6.2  74
 351.0  184091  0.605   833  1042  2055 971  25   3   1   0   0  -1   6.2  74
 352.0  182686  0.601   833  1044  2059 971  25   3   1   0   0  -1   6.2  74
 353.0  181288  0.596   833  1046  2063 971  25   3   1   0   0  -1   6.2  74
 354.0  179898  0.591   833  1048  2067 971  25   3   1   0   0  -1   6.2  74
 355.0  178517  0.587   833  1050  2071 971  25   4   1   0   0  -1   6.2  74
 356.0  177143  0.582   833  1052  2075 970  25   4   1   0   0  -1   6.2  74
 357.0  175778  0.578   833  1054  2079 970  25   4   1   0   0  -1   6.2  74
 358.0  174421  0.573   833  1056  2083 970  25   4   1   0   0  -1   6.2  74
 359.0  173072  0.569   833  1058  2087 970  25   4   1   0   0  -1   6.2  74
 360.0  171732  0.565   833  1059  2091 970  26   4   1   0   0  -1   6.2  74
 361.0  170400  0.560   833  1061  2095 970  26   4   1   0   0  -1   6.2  74
 362.0  169077  0.556   833  1063  2099 969  26   4   1   0   0  -1   6.2  74
 363.0  167763  0.551   833  1065  2103 969  26   4   1   0   0  -1   6.2  74
 364.0  166457  0.547   834  1067  2107 969  26   4   1   0   0  -1   6.2  74
 365.0  165160  0.543   834  1069  2111 969  26   4   1   0   0  -1   6.2  74
 366.0  163872  0.539   834  1071  2115 969  26   4   1   0   0  -1   6.2  74
 367.0  162593  0.534   834  1073  2118 968  26   4   1   0   0  -1   6.2  74
 368.0  161322  0.530   834  1074  2122 968  26   4   1   0   0  -1   6.2  74
 369.0  160060  0.526   834  1076  2126 968  27   4   1   0   0  -1   6.2  74
 370.0  158808  0.522   834  1078  2130 968  27   4   1   0   0  -1   6.2  74
 371.0  157564  0.518   834  1080  2134 968  27   4   1   0   0  -1   6.2  74
 372.0  156329  0.514   834  1082  2138 967  27   5   1   0   0  -1   6.2  74
 373.0  155103  0.510   834  1084  2142 967  27   5   1   0   0  -1   6.2  74
 374.0  153886  0.506   834  1086  2146 967  27   5   1   0   0  -1   6.2  74
 375.0  152678  0.502   834  1088  2150 967  27   5   1   0   0  -1   6.2  74
 376.0  151478  0.498   834  1090  2154 967  27   5   1   0   0  -1   6.2  74
 377.0  150288  0.494   834  1091  2158 966  27   5   1   0   0  -1   6.2  74
 378.0  149107  0.490   834  1093  2162 966  28   5   1   0   0  -1   6.2  74
 379.0  147935  0.486   834  1095  2166 966  28   5   1   0   0  -1   6.2  74
 380.0  146772  0.482   834  1097  2169 966  28   5   1   0   0  -1   6.2  74
 381.0  145617  0.479   834  1099  2173 966  28   5   1   0   0  -1   6.2  74
 382.0  144472  0.475   834  1101  2177 965  28   5   1   0   0  -1   6.2  74
 383.0  143336  0.471   834  1103  2181 965  28   5   1   0   0  -1   6.2  74
 384.0  142208  0.467   834  1105  2185 965  28   5   1   0   0  -1   6.2  74
 385.0  141089  0.464   834  1107  2189 965  28   6   1   0   0  -1   6.2  74
 386.0  139979  0.460   834  1108  2193 965  28   6   1   0   0  -1   6.2  74
 387.0  138879  0.457   834  1110  2197 964  29   6   1   0   0  -1   6.2  74
 388.0  137786  0.453   834  1112  2201 964  29   6   1   0   0  -1   6.2  74
 389.0  136703  0.449   834  1114  2205 964  29   6   1   0   0  -1   6.2  74
 390.0  135628  0.446   835  1116  2209 964  29   6   1   0   0  -1   6.2  74
 391.0  134563  0.442   835  1118  2213 963  29   6   1   0   0  -1   6.2  74
 392.0  133506  0.439   835  1120  2216 963  29   6   2   0   0  -1   6.2  74
 393.0  132457  0.435   835  1122  2220 963  29   6   2   0   0  -1   6.2  74
 394.0  131417  0.432   835  1124  2224 963  29   6   2   0   0  -1   6.2  74
 395.0  130386  0.429   835  1126  2228 962  30   6   2   0   0  -1   6.2  74
 396.0  129363  0.425   835  1127  2232 962  30   7   2   0   0  -1   6.2  74
 397.0  128349  0.422   835  1129  2236 962  30   7   2   0   0  -1   6.2  74
 398.0  127343  0.419   835  1131  2240 962  30   7   2   0   0  -1   6.2  74
 399.0  126346  0.415   835  1133  2244 961  30   7   2   0   0  -1   6.2  74
 400.0  125357  0.412   835  1135  2248 961  30   7   2   0   0  -1   6.2  74
 401.0  124377  0.409   835  1137  2252 961  30   7   2   0   0  -1   6.2  74
 402.0  123405  0.406   835  1139  2256 961  30   7   2   0   0  -1   6.2  74
 403.0  122441  0.402   835  1141  2260 960  31   7   2   0   0  -1   6.2  74
 404.0  121485  0.399   835  1143  2263 960  31   7   2   0   0  -1   6.2  74
 405.0  120538  0.396   835  1145  2267 960  31   7   2   0   0  -1   6.2  74
 406.0  119598  0.393   835  1147  2271 960  31   8   2   0   0  -1   6.2  74
 407.0  118667  0.390   835  1149  2275 959  31   8   2   0   0  -1   6.2  74
 408.0  117744  0.387   835  1151  2279 959  31   8   2   0   0  -1   6.2  74
 409.0  116828  0.384   835  1153  2283 959  31   8   2   0   0  -1   6.2  74
 410.0  115921  0.381   835  1154  2287 958  31   8   2   0   0  -1   6.2  74
 411.0  115021  0.378   835  1156  2291 958  32   8   2   0   0  -1   6.2  74
 412.0  114130  0.375   835  1158  2295 958  32   8   2   0   0  -1   6.2  74
 413.0  113246  0.372   835  1160  2299 958  32   8   2   0   0  -1   6.2  74
 414.0  112370  0.369   835  1162  2303 957  32   9   2   0   0  -1   6.2  74
 415.0  111501  0.367   835  1164  2307 957  32   9   2   0   0  -1   6.2  74
 416.0  110640  0.364   835  1166  2310 957  32   9   2   0   0  -1   6.2  74
 417.0  109787  0.361   835  1168  2314 956  32   9   2   0   0  -1   6.2  74
 418.0  108941  0.358   835  1170  2318 956  32   9   2   0   0  -1   6.2  74
 419.0  108103  0.355   835  1172  2322 956  33   9   2   0   0  -1   6.2  74
 420.0  107272  0.353   835  1174  2326 956  33   9   2   0   0  -1   6.2  74
 421.0  106448  0.350   835  1176  2330 955  33  10   2   0   0  -1   6.2  74
 422.0  105632  0.347   835  1179  2334 955  33  10   2   0   0  -1   6.2  74
 423.0  104822  0.345   835  1181  2338 955  33  10   2   0   0  -1   6.2  74
 424.0  104020  0.342   835  1183  2342 954  33  10   2   0   0  -1   6.2  74
 425.0  103226  0.339   835  1185  2346 954  33  10   2   0   0  -1   6.2  74
 426.0  102438  0.337   835  1187  2350 954  34  10   3   0   0  -1   6.2  74
 427.0  101657  0.334   835  1189  2354 953  34  10   3   0   0  -1   6.2  74
 428.0  100883  0.332   835  1191  2357 953  34  11   3   0   0  -1   6.2  74
 429.0  100117  0.329   835  1193  2361 953  34  11   3   0   0  -1   6.2  74
 430.0   99357  0.327   835  1196  2365 952  34  11   3   0   0  -1   6.2  74
 431.0   98603  0.324   835  1198  2369 952  34  11   3   0   0  -1   6.2  74
 432.0   97857  0.322   835  1200  2373 952  34  11   3   0   0  -1   6.2  74
 433.0   97117  0.319   835  1202  2377 951  35  11   3   0   0  -1   6.2  74
 434.0   96384  0.317   835  1204  2381 951  35  12   3   0   0  -1   6.2  74
 435.0   95657  0.314   835  1207  2385 951  35  12   3   0   0  -1   6.2  74
 436.0   94937  0.312   835  1209  2389 950  35  12   3   0   0  -1   6.2  74
 437.0   94224  0.310   835  1211  2393 950  35  12   3   0   0  -1   6.2  74
 438.0   93516  0.307   835  1214  2397 949  35  12   3   0   0  -1   6.2  74
 439.0   92816  0.305   835  1216  2401 949  35  12   3   0   0  -1   6.2  74
 440.0   92121  0.303   835  1218  2404 949  35  13   3   0   0  -1   6.2  74
 441.0   91433  0.301   835  1221  2408 948  36  13   3   0   0  -1   6.2  74
 442.0   90750  0.298   835  1223  2412 948  36  13   3   0   0  -1   6.2  74
 443.0   90075  0.296   835  1225  2416 948  36  13   3   0   0  -1   6.2  74
 444.0   89405  0.294   835  1228  2420 947  36  13   3   0   0  -1   6.2  74
 445.0   88741  0.292   835  1230  2424 947  36  14   3   0   0  -1   6.2  74
 446.0   88083  0.290   835  1232  2428 946  36  14   3   0   0  -1   6.2  74
 447.0   87431  0.287   835  1235  2432 946  36  14   3   0   0  -1   6.2  74
 448.0   86785  0.285   835  1237  2436 946  37  14   3   0   0  -1   6.2  74
 449.0   86144  0.283   835  1240  2440 945  37  14   4   0   0  -1   6.2  74
 450.0   85510  0.281   835  1242  2444 945  37  15   4   0   0  -1   6.2  74
 451.0   84881  0.279   836  1244  2448 944  37  15   4   0   0  -1   6.2  74
 452.0   84258  0.277   836  1247  2451 944  37  15   4   0   0  -1   6.2  74
 453.0   83641  0.275   836  1249  2455 944  37  15   4   0   0  -1   6.2  74
 454.0   83029  0.273   836  1252  2459 943  38  16   4   0   0  -1   6.2  74
 455.0   82422  0.271   836  1254  2463 943  38  16   4   0   0  -1   6.2  74
 456.0   81821  0.269   836  1257  2467 942  38  16   4   0   0  -1   6.2  74
 457.0   81226  0.267   836  1259  2471 942  38  16   4   0   0  -1   6.2  74
 458.0   80635  0.265   836  1261  2475 941  38  17   4   0   0  -1   6.2  74
 459.0   80050  0.263   836  1264  2479 941  38  17   4   0   0  -1   6.2  74
 460.0   79471  0.261   836  1266  2483 940  38  17   4   0   0  -1   6.2  74
 461.0   78896  0.259   836  1269  2487 940  39  17   4   0   0  -1   6.2  74
 462.0   78327  0.257   836  1271  2491 939  39  18   4   0   0  -1   6.2  74
 463.0   77763  0.256   836  1274  2495 939  39  18   4   0   0  -1   6.2  74
 464.0   77204  0.254   836  1276  2498 939  39  18   4   0   0  -1   6.2  74
 465.0   76650  0.252   836  1279  2502 938  39  18   4   0   0  -1   6.2  74
 466.0   76101  0.250   836  1281  2506 938  39  19   5   0   0  -1   6.2  74
 467.0   75556  0.248   836  1284  2510 937  39  19   5   0   0  -1   6.2  74
 468.0   75017  0.247   836  1286  2514 937  40  19   5   0   0  -1   6.2  74
 469.0   74483  0.245   836  1289  2518 936  40  19   5   0   0  -1   6.2  74
 470.0   73953  0.243   836  1291  2522 936  40  20   5   0   0  -1   6.2  74
 471.0   73428  0.241   836  1294  2526 935  40  20   5   0   0  -1   6.2  74
 472.0   72908  0.240   836  1296  2530 935  40  20   5   0   0  -1   6.2  74
 473.0   72392  0.238   836  1299  2534 934  40  21   5   0   0  -1   6.2  74
 474.0   71881  0.236   836  1301  2538 933  40  21   5   0   0  -1   6.2  74
 475.0   71375  0.235   836  1303  2542 933  41  21   5   0   0  -1   6.2  74
 476.0   70873  0.233   836  1306  2545 932  41  22   5   0   0  -1   6.2  74
 477.0   70375  0.231   836  1308  2549 932  41  22   5   0   0  -1   6.2  74
 478.0   69882  0.230   836  1311  2553 931  41  22   5   0   0  -1   6.2  74
 479.0   69394  0.228   836  1313  2557 931  41  23   5   0   0  -1   6.2  74
 480.0   68910  0.227   836  1316  2561 930  41  23   6   0   0  -1   6.2  74
 481.0   68430  0.225   836  1318  2565 930  42  23   6   0   0  -1   6.2  74
 482.0   67954  0.223   836  1321  2569 929  42  24   6   0   0  -1   6.2  74
 483.0   67482  0.222   836  1323  2573 928  42  24   6   0   0  -1   6.2  74
 484.0   67015  0.220   836  1326  2577 928  42  24   6   0   0  -1   6.2  74
 485.0   66552  0.219   836  1328  2581 927  42  25   6   0   0  -1   6.2  74
 486.0   66093  0.217   836  1331  2585 927  42  25   6   0   0  -1   6.2  74
 487.0   65638  0.216   836  1333  2589 926  42  25   6   0   0  -1   6.2  74
 488.0   65187  0.214   836  1336  2592 926  43  26   6   0   0  -1   6.2  74
 489.0   64740  0.213   836  1338  2596 925  43  26   6   0   0  -1   6.2  74
 490.0   64297  0.211   836  1341  2600 924  43  26   6   0   0  -1   6.2  74
 491.0   63858  0.210   836  1343  2604 924  43  27   6   0   0  -1   6.2  74
 492.0   63422  0.208   836  1346  2608 923  43  27   7   0   0  -1   6.2  74
 493.0   62991  0.207   836  1348  2612 922  43  28   7   0   0  -1   6.2  74
 494.0   62563  0.206   836  1351  2616 922  44  28   7   0   0  -1   6.2  74
 495.0   62139  0.204   836  1353  2620 921  44  28   7   0   0  -1   6.2  74
 496.0   61719  0.203   836  1356  2624 920  44  29   7   0   0  -1   6.2  74
 497.0   61303  0.202   836  1358  2628 920  44  29   7   0   0  -1   6.2  74
 498.0   60890  0.200   836  1361  2632 919  44  30   7   0   0  -1   6.2  74
 499.0   60481  0.199   836  1363  2635 918  44  30   7   0   0  -1   6.2  74
 500.0   60075  0.197   836  1366  2639 918  45  30   7   0   0  -1   6.2  74
 501.0   59673  0.196   836  1368  2643 917  45  31   7   0   0  -1   6.2  74
 502.0   59274  0.195   836  1371  2647 916  45  31   8   0   0  -1   6.2  74
 503.0   58879  0.194   836  1373  2651 916  45  32   8   0   0  -1   6.2  74
 504.0   58487  0.192   836  1376  2655 915  45  32   8   0   0  -1   6.2  74
 505.0   58099  0.191   836  1378  2659 914  45  33   8   0   0  -1   6.2  74
 506.0   57714  0.190   836  1381  2663 914  45  33   8   0   0  -1   6.2  74
 507.0   57332  0.188   836  1383  2667 913  46  33   8   0   0  -1   6.2  74
 508.0   56954  0.187   836  1386  2670 912  46  34   8   0   0  -1   6.2  74
 509.0   56579  0.186   836  1388  2674 911  46  34   8   0   0  -1   6.2  74
 510.0   56207  0.185   836  1391  2678 911  46  35   8   0   0  -1   6.2  74
 511.0   55839  0.184   836  1393  2682 910  46  35   9   0   0  -1   6.2  74
 512.0   55473  0.182   836  1396  2686 909  46  36   9   0   0  -1   6.2  74
 513.0   55111  0.181   836  1398  2690 908  47  36   9   0   0  -1   6.2  74
 514.0   54752  0.180   836  1400  2694 908  47  37   9   0   0  -1   6.2  74
 515.0   54396  0.179   836  1403  2698 907  47  37   9   0   0  -1   6.2  74
 516.0   54043  0.178   836  1405  2701 906  47  38   9   0   0  -1   6.2  74
 517.0   53693  0.177   836  1408  2705 905  47  38   9   0   0  -1   6.2  74
 518.0   53346  0.175   836  1410  2709 905  47  39   9   0   0  -1   6.2  74
 519.0   53002  0.174   836  1413  2713 904  47  39   9   0   0  -1   6.2  74
 520.0   52661  0.173   836  1415  2717 903  48  40  10   0   0  -1   6.2  74
 521.0   52322  0.172   836  1418  2721 902  48  40  10   0   0  -1   6.2  74
 522.0   51987  0.171   836  1420  2724 902  48  41  10   0   0  -1   6.2  74
 523.0   51655  0.170   836  1423  2728 901  48  41  10   0   0  -1   6.2  74
 524.0   51325  0.169   836  1425  2732 900  48  42  10   0   0  -1   6.2  74
 525.0   50998  0.168   836  1428  2736 899  48  42  10   0   0  -1   6.2  74
 526.0   50674  0.167   836  1430  2739 898  48  43  10   0   0  -1   6.2  74
 527.0   50353  0.166   836  1433  2743 898  49  43  10   0   0  -1   6.2  74
 528.0   50034  0.164   836  1435  2747 897  49  44  11   0   0  -1   6.2  74
 529.0   49718  0.163   836  1438  2750 896  49  44  11   0   0  -1   6.2  74
 530.0   49405  0.162   836  1440  2754 895  49  45  11   0   0  -1   6.2  74
 531.0   49094  0.161   836  1443  2758 894  49  46  11   0   0  -1   6.2  74
 532.0   48786  0.160   836  1445  2761 893  49  46  11   0   0  -1   6.2  74
 533.0   48481  0.159   836  1448  2765 893  49  47  11   0   0  -1   6.2  74
 534.0   48178  0.158   836  1450  2768 892  50  47  11   0   0  -1   6.2  74
 535.0   47877  0.157   836  1453  2772 891  50  48  12   0   0  -1   6.2  74
 536.0   47579  0.156   836  1455  2775 890  50  48  12   0   0  -1   6.2  74
 537.0   47284  0.155   836  1458  2779 889  50  49  12   0   0  -1   6.2  74
 538.0   46991  0.154   836  1460  2782 889  50  49  12   0   0  -1   6.2  74
 539.0   46701  0.154   836  1463  2786 888  50  50  12   0   0  -1   6.2  74
 540.0   46412  0.153   836  1465  2789 887  50  50  12   0   0  -1   6.2  74
 541.0   46127  0.152   836  1468  2792 886  51  51  12   0   0  -1   6.2  74
 542.0   45843  0.151   836  1470  2795 885  51  52  12   0   0  -1   6.2  74
 543.0   45562  0.150   836  1473  2799 884  51  52  13   0   0  -1   6.2  74
 544.0   45284  0.149   836  1475  2802 884  51  53  13   0   0  -1   6.2  74
 545.0   45007  0.148   836  1478  2805 883  51  53  13   0   0  -1   6.2  74
 546.0   44733  0.147   836  1480  2808 882  51  54  13   0   0  -1   6.2  74
 547.0   44461  0.146   836  1483  2811 881  51  54  13   0   0  -1   6.2  74
 548.0   44192  0.145   836  1485  2814 880  52  55  13   0   0  -1   6.2  74
 549.0   43924  0.144   836  1488  2816 879  52  56  13   0   0  -1   6.2  74
 550.0   43659  0.144   836  1490  2819 879  52  56  14   0   0  -1   6.2  74
 551.0   43396  0.143   836  1493  2822 878  52  57  14   0   0  -1   6.2  74
 552.0   43135  0.142   836  1495  2825 877  52  57  14   0   0  -1   6.2  74
 553.0   42876  0.141   836  1498  2827 876  52  58  14   0   0  -1   6.2  74
 554.0   42620  0.140   836  1500  2830 875  52  58  14   0   0  -1   6.2  74
 555.0   42365  0.139   836  1503  2832 875  52  59  14   0   0  -1   6.2  74
 556.0   42113  0.138   836  1505  2835 874  53  59  14   0   0  -1   6.2  74
 557.0   41862  0.138   836  1508  2837 873  53  60  14   0   0  -1   6.2  74
 558.0   41614  0.137   836  1510  2840 872  53  60  15   0   0  -1   6.2  74
 559.0   41367  0.136   836  1512  2842 871  53  61  15   0   0  -1   6.2  74
 560.0   41123  0.135   836  1515  2844 871  53  62  15   0   0  -1   6.2  74
 561.0   40880  0.134   836  1517  2846 870  53  62  15   0   0  -1   6.2  74
 562.0   40640  0.134   836  1520  2848 869  53  63  15   0   0  -1   6.2  74
 563.0   40401  0.133   836  1522  2850 868  53  63  15   0   0  -1   6.2  74
 564.0   40165  0.132   836  1525  2853 867  53  64  15   0   0  -1   6.2  74
 565.0   39930  0.131   836  1527  2855 867  54  64  15   0   0  -1   6.2  74
 566.0   39697  0.130   836  1530  2857 866  54  65  16   0   0  -1   6.2  74
 567.0   39466  0.130   836  1532  2859 865  54  65  16   0   0  -1   6.2  74
 568.0   39236  0.129   836  1535  2861 864  54  66  16   0   0  -1   6.2  74
 569.0   39009  0.128   836  1537  2862 864  54  66  16   0   0  -1   6.2  74
 570.0   38783  0.127   836  1540  2864 863  54  67  16   0   0  -1   6.2  74
 571.0   38560  0.127   836  1542  2866 862  54  68  16   0   0  -1   6.2  74
 572.0   38338  0.126   836  1545  2868 861  54  68  16   0   0  -1   6.2  74
 573.0   38117  0.125   836  1547  2870 861  55  69  16   0   0  -1   6.2  74
 574.0   37899  0.125   836  1550  2872 860  55  69  16   0   0  -1   6.2  74
 575.0   37682  0.124   836  1552  2873 859  55  70  17   0   0  -1   6.2  74
 576.0   37467  0.123   836  1555  2875 858  55  70  17   0   0  -1   6.2  74
 577.0   37253  0.122   836  1557  2877 858  55  71  17   0   0  -1   6.2  74
 578.0   37042  0.122   836  1560  2879 857  55  71  17   0   0  -1   6.2  74
 579.0   36831  0.121   836  1562  2880 856  55  72  17   0   0  -1   6.2  74
 580.0   36623  0.120   836  1565  2882 855  55  72  17   0   0  -1   6.2  74
 581.0   36416  0.120   836  1567  2884 855  55  73  17   0   0  -1   6.2  74
 582.0   36211  0.119   836  1570  2885 854  55  73  17   0   0  -1   6.2  74
 583.0   36007  0.118   836  1572  2887 853  56  74  18   0   0  -1   6.2  74
 584.0   35805  0.118   836  1575  2889 852  56  74  18   0   0  -1   6.2  74
 585.0   35605  0.117   836  1577  2890 852  56  75  18   0   0  -1   6.2  74
 586.0   35406  0.116   836  1580  2892 851  56  75  18   0   0  -1   6.2  74
 587.0   35208  0.116   836  1582  2894 850  56  76  18   0   0  -1   6.2  74
 588.0   35012  0.115   836  1585  2895 849  56  76  18   0   0  -1   6.2  74
 589.0   34818  0.114   836  1587  2897 849  56  77  18   0   0  -1   6.2  74
 590.0   34625  0.114   836  1590  2899 848  56  77  18   0   0  -1   6.2  74
 591.0   34434  0.113   836  1592  2900 847  56  78  18   0   0  -1   6.2  74
 592.0   34244  0.113   836  1595  2902 847  57  78  19   0   0  -1   6.2  74
 593.0   34055  0.112   836  1597  2904 846  57  79  19   0   0  -1   6.2  74
 594.0   33868  0.111   836  1600  2905 845  57  79  19   0   0  -1   6.2  74
 595.0   33683  0.111   836  1602  2907 844  57  80  19   0   0  -1   6.2  74
 596.0   33499  0.110   836  1605  2908 844  57  80  19   0   0  -1   6.2  74
 597.0   33316  0.110   836  1607  2910 843  57  81  19   0   0  -1   6.2  74
 598.0   33134  0.109   836  1610  2912 842  57  81  19   0   0  -1   6.2  74
 599.0   32954  0.108   836  1612  2913 841  57  82  19   0   0  -1   6.2  74
 600.0   32776  0.108   836  1615  2915 841  57  83  19   0   0  -1   6.2  74
