yyyy.MM.dd DD hh:mm:ss csc   fof2   fof1   foe    foes   hes      hmf2     hmf1     hme       bo     b1 
2020.01.31 31 22:30:00 100  4.913 -1.000  2.420  2.400 105.000  192.800   -1.000  103.900   63.400  1.800
2020.01.31 31 22:35:00 100  4.950 -1.000  2.420  2.400 105.000  192.800   -1.000  112.700  126.000  3.270
2020.01.31 31 22:40:00 100  4.950 -1.000  2.420  2.400 110.000  207.200   -1.000  112.700   58.700  1.420
2020.01.31 31 22:45:00 100  4.900 -1.000  2.320  2.200 110.000  207.200   -1.000  112.400   66.100  2.560
2020.01.31 31 22:50:00 100  4.625  3.048  2.220  2.100 115.000  218.500  162.500  115.600   65.200  6.000
2020.01.31 31 22:55:00 100  4.450  2.924  2.120  2.300 120.000  218.500  153.900  113.300   78.000  4.690
2020.01.31 31 23: 0:00 100  4.450  2.924  2.320  2.100 120.000  217.100  153.900  117.600   60.700  1.910
2020.01.31 31 23: 5:00 100  4.400  2.924  2.120  2.100 130.000  217.100  153.900  113.300   70.600  4.170
2020.01.31 31 23:10:00 100  4.325  2.924  2.120  2.200 130.000  220.200  153.900  110.700   74.800  4.680
2020.01.31 31 23:15:00 100  4.250  2.924  2.020  2.300 125.000  224.500  153.900  117.300   74.400  4.800
2020.01.31 31 23:20:00 100  4.213  2.924  2.320  2.000 130.000  224.500  153.900  122.300  145.500  3.240
2020.01.31 31 23:25:00 100  4.250  2.924  2.020  1.900 130.000  244.500  153.900  113.100   77.500  2.560
2020.01.31 31 23:30:00 100  4.225  2.924  1.920 -1.000 145.000  216.800  153.900  110.000   82.200  4.100
2020.01.31 31 23:35:00 100  4.450  2.924  1.757  1.800  -1.000  244.500  153.900  110.000   57.700  1.580
2020.01.31 31 23:40:00 100  4.550  2.924  1.820  1.900 175.000  244.000  153.900  110.000  121.600  3.500
2020.01.31 31 23:45:00 100  4.613  2.924  1.920 -1.000 145.000  261.300  153.900  115.000   81.200  4.140
2020.01.31 31 23:50:00 100  4.650  2.924  1.512 -1.000  -1.000  244.000  153.900  110.000   84.800  4.740
2020.01.31 31 23:55:00 100  4.700  2.924  1.423 -1.000  -1.000  261.300  153.900  110.000   53.400  2.360
2020.02. 1 32  0: 0:00 100  4.700  2.924  1.347 -1.000  -1.000  245.700  153.900  110.000  128.800  2.160
2020.02. 1 32  0:10:00 100  4.700  2.924  1.161 -1.000  -1.000  245.700  153.900  110.000   57.700  4.820
2020.02. 1 32  0:15:00 100  4.700  2.924  1.070 -1.000  -1.000  245.700  153.900  110.000   53.800  4.150
2020.02. 1 32  0:20:00 100  4.600  2.924  0.982 -1.000  -1.000  260.500  153.900  110.000  116.300  2.360
2020.02. 1 32  0:25:00 100  4.600  2.924  0.898 -1.000  -1.000  260.500  153.900  110.000   80.000  2.810
2020.02. 1 32  0:30:00 100  4.400  2.924  0.820 -1.000  -1.000  255.600  153.900  110.000   77.200  2.750
2020.02. 1 32  0:35:00 100  4.400  2.924  0.748  2.300  -1.000  255.600  153.900  110.000   63.800  5.760
2020.02. 1 32  0:40:00 100  4.300  2.924  0.682 -1.000  -1.000  253.700  153.900  110.000   84.500  2.660
2020.02. 1 32  0:45:00 100  4.300  2.924  0.622 -1.000  -1.000  253.700  153.900  110.000   69.600  2.550
2020.02. 1 32  0:50:00 100  4.300  2.924  0.569 -1.000  -1.000  249.200  153.900  110.000   64.800  2.480
2020.02. 1 32  0:55:00 100  4.100  2.924  0.522 -1.000  -1.000  249.200  153.900  110.000   60.700  2.480
2020.02. 1 32  1: 0:00 100  4.000  2.924  0.482  3.900  99.000  242.500  153.900  110.000   71.100  6.000
2020.02. 1 32  1: 5:00 100  3.500  2.924  0.447  4.600 139.000  227.200  153.900  110.000   49.700  2.490
2020.02. 1 32  1:10:00 100  3.500  2.924  0.418  5.400 130.000  227.200  153.900  110.000   33.800  4.150
2020.02. 1 32  1:15:00 100  3.300  2.924  0.395  6.600  98.000  221.400  153.900  110.000   65.800  2.440
2020.02. 1 32  1:20:00 100  3.100  2.924  0.376  6.400 107.000  244.500  153.900  110.000   23.800  3.430
2020.02. 1 32  1:25:00 100  3.100  2.924  0.373  6.500 107.000  228.800  153.900  110.000   69.000  2.550
2020.02. 1 32  1:30:00 100  5.100  2.924  0.373  4.600 105.000  231.500  153.900  110.000   19.200  1.730
2020.02. 1 32  1:35:00 100  5.300  2.924  0.373  4.900 105.000  229.100  153.900  110.000   20.300  1.820
2020.02. 1 32  1:40:00 100  5.100  2.924  0.373  4.100 115.000  229.100  153.900  110.000   25.400  2.040
2020.02. 1 32  1:45:00 100  5.500  2.924  0.373  5.500 105.000  229.100  153.900  110.000   19.300  2.080
2020.02. 1 32  1:50:00 100  6.200  2.924  0.373  5.300 105.000  237.000  153.900  110.000   26.200  2.580
2020.02. 1 32  1:55:00 100  6.200  2.924  0.373  4.900 105.000  237.000  153.900  110.000   40.000  1.000
2020.02. 1 32  2: 0:00 100  4.300  2.924  0.373  4.900 105.000  219.200  153.900  110.000   16.800  1.870
2020.02. 1 32  2: 5:00 100  4.300  2.924  0.373  4.900 105.000  219.200  153.900  110.000   16.000  1.680
2020.02. 1 32  2:10:00 100  5.500  2.924  0.373  4.900 102.000  218.400  153.900  110.000   42.300  1.000
2020.02. 1 32  2:15:00 100  5.500  2.924  0.373  4.900 105.000  217.100  153.900  110.000   19.100  1.940
2020.02. 1 32  2:20:00 100  5.500  2.924  0.373  6.700  93.000  216.000  153.900  110.000   15.200  1.800
2020.02. 1 32  2:25:00 100  3.900  2.924  0.373  6.500 100.000  216.000  153.900  110.000   19.500  2.190
2020.02. 1 32  2:30:00 100  3.900  2.924  0.373  6.500 105.000  296.900  153.900  110.000   42.300  1.170
2020.02. 1 32  2:35:00 100  3.900  2.924  0.373  5.300  96.000  296.900  153.900  110.000   42.300  1.170
2020.02. 1 32  2:40:00 100  4.300  2.924  0.373  4.900  85.000  217.900  153.900  110.000   15.700  1.840
2020.02. 1 32  2:45:00 100  4.300  2.924  0.373  5.600  86.000  215.500  153.900  110.000   14.400  1.380
2020.02. 1 32  2:50:00 100  4.100  2.924  0.373  5.400  90.000  217.900  153.900  110.000   14.400  1.860
2020.02. 1 32  2:55:00 100  4.100  2.924  0.373  4.600 100.000  223.500  153.900  110.000   31.600  6.000
2020.02. 1 32  3: 0:00 100  4.000  2.924  0.373  5.400  98.000  223.500  153.900  110.000   26.200  2.680
2020.02. 1 32  3: 5:00 100  4.900  2.924  0.373  5.500 100.000  224.500  153.900  110.000   16.200  1.930
2020.02. 1 32  3:10:00 100  4.400  2.924  0.373  4.900  95.000  216.900  153.900  110.000   22.200  2.360
2020.02. 1 32  3:15:00 100  4.400  2.924  0.373  4.900 105.000  219.000  153.900  110.000   17.400  2.050
2020.02. 1 32  3:20:00 100  3.300  2.924  0.373  5.600 105.000  219.000  153.900  110.000   20.600  2.160
2020.02. 1 32  3:25:00 100  3.300  2.924  0.373  4.200 105.000  297.200  153.900  110.000   66.900  6.000
2020.02. 1 32  3:30:00 100  3.300  2.924  0.373  3.700 105.000  297.200  153.900  110.000   66.900  6.000
2020.02. 1 32  3:35:00 100  3.300  2.924  0.373  3.300 104.000  282.400  153.900  110.000   47.300  6.000
2020.02. 1 32  3:40:00 100  3.300  2.924  0.373  3.300 105.000  274.900  153.900  110.000   47.600  6.000
2020.02. 1 32  3:45:00 100  3.300  2.924  0.373  2.900 105.000  274.900  153.900  110.000   47.600  6.000
2020.02. 1 32  3:50:00 100  3.300  2.924  0.373  2.900 105.000  274.900  153.900  110.000   47.600  6.000
2020.02. 1 32  3:55:00 100  3.200  2.924  0.373  3.100 105.000  274.900  153.900  110.000   92.100  2.450
2020.02. 1 32  4: 0:00 100  3.200  2.924  0.373  2.900 105.000  314.300  153.900  110.000   38.100  4.800
2020.02. 1 32  4: 5:00 100  3.300  2.924  0.373  3.100 105.000  314.300  153.900  110.000   63.000  6.000
2020.02. 1 32  4:10:00 100  3.300  2.924  0.373  3.100 105.000  314.300  153.900  110.000   63.000  6.000
2020.02. 1 32  4:15:00 100  3.200  2.924  0.373  2.400 105.000  421.100  153.900  110.000  117.100  2.090
2020.02. 1 32  4:20:00 100  3.200  2.924  0.373  2.800 105.000  421.100  153.900  110.000  117.100  2.090
2020.02. 1 32  4:25:00 100  3.300  2.924  0.373  2.700 103.000  300.500  153.900  110.000   46.800  3.240
2020.02. 1 32  4:30:00 100  3.400  2.924  0.373  3.100 105.000  287.200  153.900  110.000   38.500  2.170
2020.02. 1 32  4:35:00 100  3.400  2.924  0.373  3.200 105.000  250.700  153.900  110.000   45.600  6.000
2020.02. 1 32  4:40:00 100  3.400  2.924  0.373  4.700 103.000  244.700  153.900  110.000   47.400  2.410
2020.02. 1 32  4:45:00 100  3.400  2.924  0.373  6.600 100.000  249.000  153.900  110.000   48.900  2.450
2020.02. 1 32  4:50:00 100  3.400  2.924  0.373  8.500 100.000  249.000  153.900  110.000   62.600  2.530
2020.02. 1 32  4:55:00 100  3.700  2.924  0.373  7.500  98.000  276.300  153.900  110.000   58.100  4.090
2020.02. 1 32  5: 0:00 100  3.700  2.924  0.373  5.800 105.000  276.300  153.900  110.000   61.700  4.120
2020.02. 1 32  5: 5:00 100  3.700  2.924  0.373  5.700 101.000  276.300  153.900  110.000   52.700  3.630
2020.02. 1 32  5:10:00 100  3.700  2.924  0.373  5.700 105.000  273.900  153.900  110.000  116.100  2.210
2020.02. 1 32  5:15:00 100  3.800  2.924  0.373  4.700 100.000  273.900  153.900  110.000   70.400  2.440
2020.02. 1 32  5:20:00 100  3.800  2.924  0.373  4.700 100.000  273.900  153.900  110.000   67.900  4.960
2020.02. 1 32  5:25:00 100  3.800  2.924  0.373  3.300 103.000  282.200  153.900  110.000   79.700  2.430
2020.02. 1 32  5:30:00 100  3.900  2.924  0.373  3.600 100.000  282.200  153.900  110.000   48.700  5.230
2020.02. 1 32  5:35:00 100  3.900  2.924  0.373  3.500 100.000  282.200  153.900  110.000   48.700  5.230
2020.02. 1 32  5:40:00 100  3.900  2.924  0.373  3.400 105.000  293.000  153.900  110.000   39.200  2.120
2020.02. 1 32  5:45:00 100  3.900  2.924  0.373  3.000 105.000  293.000  153.900  110.000   73.200  5.900
2020.02. 1 32  5:50:00 100  3.900  2.924  0.373 -1.000  -1.000  297.300  153.900  110.000   48.300  3.400
2020.02. 1 32  5:55:00 100  3.800  2.924  0.373  2.000 105.000  278.400  153.900  110.000   87.500  2.410
2020.02. 1 32  6: 0:00 100  3.900  2.924  0.373 -1.000  -1.000  297.300  153.900  110.000   57.200  3.790
2020.02. 1 32  6: 5:00 100  3.900  2.924  0.373  2.000 105.000  300.300  153.900  110.000   71.500  4.790
2020.02. 1 32  6:10:00 100  4.000  2.924  0.373  2.200 105.000  304.900  153.900  110.000   67.700  4.540
2020.02. 1 32  6:15:00 100  4.000  2.924  0.373  2.100 105.000  304.900  153.900  110.000  101.900  2.400
2020.02. 1 32  6:20:00 100  4.100  2.924  0.373  2.000 105.000  299.700  153.900  110.000   52.300  3.400
2020.02. 1 32  6:25:00 100  4.000  2.924  0.373  2.900 106.000  295.900  153.900  110.000   67.800  5.970
2020.02. 1 32  6:30:00 100  4.100  2.924  0.373  4.700 114.000  299.700  153.900  110.000   47.200  5.190
2020.02. 1 32  6:35:00 100  4.000  2.924  0.373  4.700 114.000  295.900  153.900  110.000   64.100  4.450
2020.02. 1 32  6:40:00 100  4.000  2.924  0.373  4.800 105.000  290.300  153.900  110.000   39.100  2.410
2020.02. 1 32  6:45:00 100  3.800  2.924  0.373  4.700 105.000  290.300  153.900  110.000   34.900  2.240
2020.02. 1 32  6:50:00 100  4.000  2.924  0.373  4.900 105.000  288.700  153.900  110.000  103.000  1.000
2020.02. 1 32  6:55:00 100  4.100  2.924  0.373  4.900 100.000  303.400  153.900  110.000   35.700  2.120
2020.02. 1 32  7: 0:00 100  4.100  2.924  0.373  3.500  96.000  296.600  153.900  110.000   50.900  4.920
2020.02. 1 32  7: 5:00 100  4.100  2.924  0.373  4.600  96.000  296.600  153.900  110.000   41.900  2.700
2020.02. 1 32  7:10:00 100  4.100  2.924  0.373  4.100 100.000  292.500  153.900  110.000   61.900  2.350
2020.02. 1 32  7:15:00 100  4.100  2.924  0.373  4.000  93.000  292.500  153.900  110.000   45.600  4.910
2020.02. 1 32  7:20:00 100  4.000  2.924  0.373  4.600  92.000  294.800  153.900  110.000   52.100  5.700
2020.02. 1 32  7:25:00 100  4.000  2.924  0.373  4.900 102.000  303.700  153.900  110.000   43.600  4.480
2020.02. 1 32  7:30:00 100  4.000  2.924  0.373  4.200  96.000  301.900  153.900  110.000   58.900  6.000
2020.02. 1 32  7:35:00 100  4.100  2.924  0.373  4.600  88.000  310.900  153.900  110.000   46.700  3.250
2020.02. 1 32  7:40:00 100  4.100  2.924  0.373  3.500 105.000  313.100  153.900  110.000  107.200  2.390
2020.02. 1 32  7:45:00 100  4.300  2.924  0.373  4.600  93.000  334.700  153.900  110.000   83.900  6.000
2020.02. 1 32  7:50:00 100  4.200  2.924  0.373  4.900 110.000  313.100  153.900  110.000  108.300  2.340
2020.02. 1 32  7:55:00 100  4.200  2.924  0.373  3.900 104.000  288.100  153.900  110.000   51.100  3.220
2020.02. 1 32  8: 0:00 100  4.000  2.924  0.373  3.800 112.000  284.200  153.900  110.000   48.300  3.420
2020.02. 1 32  8: 5:00 100  4.000  2.924  0.373  4.700 108.000  284.200  153.900  110.000   62.700  3.720
2020.02. 1 32  8:10:00 100  4.000  2.924  0.373  4.400 110.000  275.000  153.900  110.000   85.600  2.380
2020.02. 1 32  8:15:00 100  4.100  2.924  0.373  3.700 115.000  296.100  153.900  110.000   42.500  3.300
2020.02. 1 32  8:20:00 100  4.400  2.924  0.373  4.800 120.000  290.200  153.900  110.000   79.600  6.000
2020.02. 1 32  8:25:00 100  4.400  2.924  0.373  4.700 125.000  290.200  153.900  110.000   70.500  4.280
2020.02. 1 32  8:30:00 100  4.400  2.924  0.373  4.700 132.000  271.400  153.900  110.000   49.600  3.440
2020.02. 1 32  8:35:00 100  4.400  2.924  0.373  3.700 145.000  265.400  153.900  110.000   55.800  4.170
2020.02. 1 32  8:40:00 100  4.500  2.924  0.373 -1.000  -1.000  269.400  153.900  110.000   50.700  3.390
2020.02. 1 32  8:45:00 100  4.500  2.924  0.373  2.400 100.000  269.400  153.900  110.000   54.600  4.680
2020.02. 1 32  8:50:00 100  4.500  2.924  0.373  2.300 110.000  269.400  153.900  110.000   61.500  4.490
2020.02. 1 32  8:55:00 100  4.500  2.924  0.373  4.400 116.000  265.300  153.900  110.000   41.700  3.130
2020.02. 1 32  9: 0:00 100  4.500  2.924  0.373  4.900 110.000  260.500  153.900  110.000   49.900  4.310
2020.02. 1 32  9: 5:00 100  4.500  2.924  0.373  3.800 105.000  265.300  153.900  110.000   45.000  4.830
2020.02. 1 32  9:10:00 100  4.500  2.924  0.373  4.400 100.000  267.400  153.900  110.000   60.300  6.000
2020.02. 1 32  9:15:00 100  4.500  2.924  0.373  3.100 104.000  268.000  153.900  110.000   59.700  5.870
2020.02. 1 32  9:20:00 100  4.500  2.924  0.373  2.100 115.000  268.000  153.900  110.000   67.100  2.370
2020.02. 1 32  9:25:00 100  4.400  2.924  0.373 -1.000  -1.000  268.000  153.900  110.000   78.700  2.370
2020.02. 1 32  9:30:00 100  4.400  2.924  0.373 -1.000  -1.000  276.600  153.900  110.000   54.400  3.940
2020.02. 1 32  9:35:00 100  4.300  2.924  0.373 -1.000  -1.000  276.600  153.900  110.000   73.900  6.000
2020.02. 1 32  9:40:00 100  4.300  2.924  0.373 -1.000  -1.000  283.700  153.900  110.000   80.100  2.410
2020.02. 1 32  9:45:00 100  4.300  2.924  0.373 -1.000  -1.000  283.700  153.900  110.000   77.900  2.390
2020.02. 1 32  9:50:00 100  4.300  2.924  0.373 -1.000  -1.000  276.800  153.900  110.000   59.300  3.590
2020.02. 1 32  9:55:00 100  4.400  2.924  0.373 -1.000  -1.000  265.900  153.900  110.000   48.900  4.080
2020.02. 1 32 10: 0:00 100  4.500  2.924  0.373 -1.000  -1.000  272.100  153.900  110.000   55.600  3.520
2020.02. 1 32 10: 5:00 100  4.500  2.924  0.373 -1.000  -1.000  265.500  153.900  110.000   58.800  5.350
2020.02. 1 32 10:10:00 100  4.400  2.924  0.373 -1.000  -1.000  258.900  153.900  110.000   48.900  4.290
2020.02. 1 32 10:15:00 100  4.400  2.924  0.373 -1.000  -1.000  258.900  153.900  110.000   45.200  3.200
2020.02. 1 32 10:20:00 100  4.300  2.924  0.373 -1.000  -1.000  258.000  153.900  110.000   92.700  2.410
2020.02. 1 32 10:25:00 100  4.300  2.924  0.373 -1.000  -1.000  270.500  153.900  110.000   54.400  3.430
2020.02. 1 32 10:30:00 100  4.300  2.924  0.373 -1.000  -1.000  270.500  153.900  110.000   47.900  5.280
2020.02. 1 32 10:35:00 100  4.300  2.924  0.373 -1.000  -1.000  270.500  153.900  110.000   75.500  2.390
2020.02. 1 32 10:40:00 100  4.200  2.924  0.373 -1.000  -1.000  257.500  153.900  110.000   50.500  3.390
2020.02. 1 32 10:45:00 100  4.200  2.924  0.373 -1.000  -1.000  257.500  153.900  110.000   55.200  3.680
2020.02. 1 32 10:50:00 100  4.200  2.924  0.373 -1.000  -1.000  256.800  153.900  110.000   54.400  3.530
2020.02. 1 32 10:55:00 100  4.100  2.924  0.373 -1.000  -1.000  256.100  153.900  110.000   49.300  3.650
2020.02. 1 32 11: 0:00 100  4.100  2.924  0.373 -1.000  -1.000  256.100  153.900  110.000   48.500  3.530
2020.02. 1 32 11: 5:00 100  4.100  2.924  0.373 -1.000  -1.000  265.300  153.900  110.000   58.400  3.500
2020.02. 1 32 11:10:00 100  4.100  2.924  0.373  2.400  92.000  265.300  153.900  110.000   62.800  3.650
2020.02. 1 32 11:15:00 100  3.700  2.924  0.373 -1.000  -1.000  258.300  153.900  110.000   35.600  2.830
2020.02. 1 32 11:20:00 100  3.700  2.924  0.373  1.900 100.000  258.300  153.900  110.000   50.000  3.760
2020.02. 1 32 11:25:00 100  3.700  2.924  0.373 -1.000  -1.000  259.800  153.900  110.000   52.100  3.560
2020.02. 1 32 11:30:00 100  3.700  2.924  0.373 -1.000  -1.000  264.200  153.900  110.000   45.600  3.250
2020.02. 1 32 11:35:00 100  3.700  2.924  0.373 -1.000  -1.000  264.200  153.900  110.000   48.000  3.770
2020.02. 1 32 11:40:00 100  3.700  2.924  0.373 -1.000  -1.000  264.200  153.900  110.000   49.200  3.610
2020.02. 1 32 11:45:00 100  3.700  2.924  0.373 -1.000  -1.000  267.500  153.900  110.000   39.900  3.250
2020.02. 1 32 11:50:00 100  3.600  2.924  0.373 -1.000  -1.000  268.000  153.900  110.000   53.900  3.650
2020.02. 1 32 11:55:00 100  3.600  2.924  0.373 -1.000  -1.000  270.000  153.900  110.000   48.300  3.360
2020.02. 1 32 12: 0:00 100  3.400  2.924  0.373 -1.000  -1.000  268.000  153.900  110.000   50.900  3.280
2020.02. 1 32 12: 5:00 100  3.400  2.924  0.373 -1.000  -1.000  270.000  153.900  110.000   52.000  3.970
2020.02. 1 32 12:10:00 100  3.300  2.924  0.379 -1.000  -1.000  265.400  153.900  110.000   81.600  2.500
2020.02. 1 32 12:15:00 100  3.400  2.924  0.398 -1.000  -1.000  286.300  153.900  110.000   44.700  4.030
2020.02. 1 32 12:20:00 100  3.300  2.924  0.423 -1.000  -1.000  298.100  153.900  110.000  105.500  2.460
2020.02. 1 32 12:25:00 100  3.300  2.924  0.453 -1.000  -1.000  300.200  153.900  110.000   95.000  2.580
2020.02. 1 32 12:30:00 100  3.300  2.924  0.488 -1.000  -1.000  298.100  153.900  110.000   97.200  2.600
2020.02. 1 32 12:35:00 100  3.300  2.924  0.530 -1.000  -1.000  291.300  153.900  110.000   71.300  6.000
2020.02. 1 32 12:40:00 100  3.300  2.924  0.578 -1.000  -1.000  290.000  153.900  110.000   88.400  2.630
2020.02. 1 32 12:45:00 100  3.100  2.924  0.632 -1.000  -1.000  279.700  153.900  110.000   34.700  3.020
2020.02. 1 32 12:50:00 100  3.000  2.924  0.693 -1.000  -1.000  238.400  153.900  110.000   86.500  2.900
2020.02. 1 32 12:55:00 100  3.100  2.924  0.760 -1.000  -1.000  244.400  153.900  110.000   38.500  3.240
2020.02. 1 32 13: 0:00 100  3.200  2.924  0.833 -1.000  -1.000  236.700  153.900  110.000   50.000  3.610
2020.02. 1 32 13: 5:00 100  3.200  2.924  0.913 -1.000  -1.000  244.400  153.900  110.000   42.700  2.630
2020.02. 1 32 13:10:00 100  3.700  2.924  0.997 -1.000  -1.000  242.500  153.900  110.000   63.300  3.060
2020.02. 1 32 13:15:00 100  3.800  2.924  1.086 -1.000  -1.000  250.500  153.900  110.000   59.700  3.780
2020.02. 1 32 13:20:00 100  4.100  2.924  1.177 -1.000  -1.000  242.500  153.900  110.000   76.000  6.000
2020.02. 1 32 13:25:00 100  4.150  2.924  1.270 -1.000  -1.000  231.300  153.900  110.000   45.900  4.590
2020.02. 1 32 13:30:00 100  4.250  2.924  1.363 -1.000  -1.000  231.300  153.900  110.000   47.200  4.430
2020.02. 1 32 13:35:00 100  4.550  2.924  1.455 -1.000  -1.000  244.100  153.900  110.000   83.200  6.000
2020.02. 1 32 13:40:00 100  4.613  2.924  1.543 -1.000  -1.000  244.100  153.900  110.000   67.800  6.000
2020.02. 1 32 13:45:00 100  4.625  2.924  1.628 -1.000  -1.000  220.900  153.900  110.000   42.400  1.950
2020.02. 1 32 13:50:00 100  4.800  2.924  1.708 -1.000  -1.000  216.700  153.900  110.000   52.100  3.580
2020.02. 1 32 13:55:00 100  4.802  2.924  2.020  2.000 145.000  216.700  153.900  126.800   49.400  4.020
2020.02. 1 32 14: 0:00 100  4.807  2.924  1.855 -1.000  -1.000  212.000  153.900  110.000   58.100  2.150
2020.02. 1 32 14: 5:00 100  4.850  3.048  1.720 -1.000  -1.000  212.000  166.600  110.000   50.200  2.440
2020.02. 1 32 14:10:00 100  4.925  2.771  1.820 -1.000  -1.000  208.300  161.400  110.000   67.700  4.900
2020.02. 1 32 14:15:00 100  4.950  2.771  2.420  2.400 130.000  219.200  161.400  126.500   50.000  2.040
2020.02. 1 32 14:20:00 100  5.100  2.771  2.120  2.100 125.000  206.900  161.400  116.500   62.800  2.460
2020.02. 1 32 14:25:00 100  5.200  2.771  2.120  2.100 130.000  205.000  161.400  113.300   47.700  1.200
2020.02. 1 32 14:30:00 100  5.300  2.771  2.220  2.200 130.000  200.600  161.400  118.400   37.600  1.230
2020.02. 1 32 14:35:00 100  5.350  2.771  2.220  2.200 125.000  194.600  161.400  116.300   33.600  1.000
2020.02. 1 32 14:40:00 100  5.300  2.771  2.420  2.400 125.000  192.300  161.400  122.000   37.500  1.000
2020.02. 1 32 14:45:00 100  5.250  2.771  2.420  2.400 115.000  193.700  161.400  119.700   35.400  1.050
2020.02. 1 32 14:50:00 100  5.100  2.771  2.120  2.100 105.000  192.100  161.400  105.600   48.300  1.000
2020.02. 1 32 14:55:00 100  4.950  2.948  2.120  2.100 105.000  193.700  147.500  105.600   46.700  1.160
2020.02. 1 32 15: 0:00 100  4.950  2.948  2.320  2.300 110.000  199.700  147.500  107.500  173.800  3.040
2020.02. 1 32 15: 5:00 100  4.950  2.948  2.320  2.300 105.000  199.700  147.500  108.400   61.900  1.250
2020.02. 1 32 15:10:00 100  5.150  2.948  2.420  2.400 105.000  199.400  147.500  108.800   58.300  1.000
2020.02. 1 32 15:15:00 100  5.150  2.948  2.420  2.400 100.000  199.400  147.500  103.900   58.500  1.000
2020.02. 1 32 15:20:00 100  5.150  2.948  2.820  2.800 105.000  206.700  147.500  116.800  108.500  3.680
2020.02. 1 32 15:25:00 100  5.150  2.948  2.420  2.400 105.000  206.700  147.500  103.900   56.000  1.880
2020.02. 1 32 15:30:00 100  5.150  2.948  2.920  2.900 105.000  200.900  147.500  117.200   73.200  1.010
2020.02. 1 32 15:35:00 100  5.100  3.648  2.420  3.200 133.000  194.500  175.100  103.900   37.400  1.860
2020.02. 1 32 15:40:00 100  5.050  3.648  2.820  2.900 100.000  189.300  175.100  120.700   61.300  1.000
2020.02. 1 32 15:45:00 100  5.050  3.648  2.920  2.900 100.000  189.300  175.100  112.700   72.500  1.190
2020.02. 1 32 15:50:00 100  5.150  3.801  2.620  2.900 105.000  220.500  162.400  117.300   86.300  6.000
2020.02. 1 32 15:55:00 100  5.150  3.847  2.620  2.700 100.000  230.100  156.700  102.900   97.900  2.380
2020.02. 1 32 16: 0:00 100  5.150  3.847  3.120  3.100 105.000  220.500  156.700  116.100  120.100  3.310
2020.02. 1 32 16: 5:00 100  5.250  3.806  2.820  2.800 100.000  204.300  163.700  105.600   58.300  1.660
2020.02. 1 32 16:10:00 100  5.250  3.323  2.720  2.900 100.000  196.500  143.900  106.700   70.900  1.000
2020.02. 1 32 16:15:00 100  4.950  3.323  3.020  3.100 105.000  196.500  143.900  120.700   75.300  1.000
2020.02. 1 32 16:20:00 100  4.950  4.248  2.820  3.100 105.000  197.600  167.000  111.300   72.300  1.770
2020.02. 1 32 16:25:00 100  4.950  4.248  2.820  2.800 110.000  204.100  167.000  105.800  100.800  1.950
2020.02. 1 32 16:30:00 100  4.900  4.248  2.820  2.800 105.000  204.200  167.000  102.600   97.200  1.580
2020.02. 1 32 16:35:00 100  4.900  4.248  3.120  3.100 105.000  204.200  167.000  116.100  102.200  1.280
2020.02. 1 32 16:40:00 100  5.350  4.547  2.820  2.800 105.000  217.200  178.300  102.900   80.500  2.120
2020.02. 1 32 16:45:00 100  5.350  4.248  3.020  3.000 105.000  217.200  178.900  109.000  100.900  4.720
2020.02. 1 32 16:50:00 100  5.150  4.148  3.020  3.000 100.000  192.300  166.100  112.400   57.700  1.320
2020.02. 1 32 16:55:00 100  5.150  4.248  3.120  3.100 100.000  192.300  164.300  108.400   54.500  1.410
2020.02. 1 32 17: 0:00 100  5.150  4.547  2.920  2.900 100.000  192.600  172.300  106.000   69.900  1.690
2020.02. 1 32 17: 5:00 100  4.950  4.547  3.120  3.100 100.000  198.100  172.300  112.700   90.500  1.410
2020.02. 1 32 17:10:00 100  4.950  4.547  3.120  3.100 100.000  203.100  172.300  109.000  101.200  2.160
2020.02. 1 32 17:15:00 100  4.950  4.547  3.120  3.100 100.000  211.500  172.300  109.000  122.500  2.260
2020.02. 1 32 17:20:00 100  5.025  4.547  2.920  2.900 100.000  211.500  185.400  103.800   84.500  1.660
2020.02. 1 32 17:25:00 100  5.050  4.248  3.220  3.200 105.000  200.100  161.600  109.600   89.900  1.300
2020.02. 1 32 17:30:00 100  5.050  4.248  3.120  3.100 120.000  199.000  166.400  108.000   79.100  1.290
2020.02. 1 32 17:35:00 100  4.975  4.248  3.120  3.100 100.000  199.000  173.500  106.200   68.600  1.420
2020.02. 1 32 17:40:00 100  4.950  4.347  3.120  3.100 100.000  199.000  180.200  105.500   78.700  1.260
2020.02. 1 32 17:45:00 100  4.975  4.347  3.020  3.100 120.000  203.600  171.700  104.000   86.200  1.360
2020.02. 1 32 17:50:00 100  5.150  4.124  3.120  3.100 100.000  202.600  156.600  103.000  106.000  2.010
2020.02. 1 32 17:55:00 100  5.150  4.347  3.220  3.200 100.000  216.500  159.700   98.900   95.300  1.730
2020.02. 1 32 18: 0:00 100  5.200  4.347  3.220  3.300 125.000  218.200  159.700  104.800  111.800  1.820
2020.02. 1 32 18: 5:00 100  5.250  4.547  3.020  3.300 115.000  218.200  178.100  103.800   95.500  2.160
2020.02. 1 32 18:10:00 100  5.350  4.347  3.120  3.200 115.000  228.100  161.500  104.000   66.000  1.800
2020.02. 1 32 18:15:00 100  5.250  4.347  3.120  3.300 115.000  195.600  167.600  106.500  100.800  3.400
2020.02. 1 32 18:20:00 100  5.125  4.183  3.020  3.300 115.000  192.600  163.300  102.400   57.900  1.760
2020.02. 1 32 18:25:00 100  4.925  4.148  3.220  3.300 115.000  188.100  147.600  107.700   83.800  1.820
2020.02. 1 32 18:30:00 100  4.700  4.148  3.020  3.300 115.000  188.100  147.600  102.400   95.100  1.940
2020.02. 1 32 18:35:00 100  4.700  4.148  3.020  3.300 115.000  200.200  147.600  102.400  132.800  3.080
2020.02. 1 32 18:40:00 100  5.250  4.448  3.120  3.100 100.000  245.100  196.600  101.400  124.800  1.850
2020.02. 1 32 18:45:00 100  5.400  4.448  3.120  3.300 110.000  245.100  196.600  103.000  128.700  1.580
2020.02. 1 32 18:50:00 100  5.550  4.448  3.320  3.300  95.000  231.600  196.600  104.500  113.700  1.650
2020.02. 1 32 18:55:00 100  5.600  4.448  3.320  3.500 110.000  207.700  164.400  109.300   83.000  1.290
2020.02. 1 32 19: 0:00 100  5.550  4.448  2.820  3.300 110.000  207.700  164.400  100.100   98.700  1.000
2020.02. 1 32 19: 5:00 100  5.600  4.248  2.920  3.800 105.000  220.900  172.300   94.300   73.600  2.310
2020.02. 1 32 19:10:00 100  5.550  4.248  3.420  3.800 110.000  220.900  172.300   96.100  110.300  1.970
2020.02. 1 32 19:15:00 100  5.450  4.624  3.120  3.900 102.000  206.800  170.500   95.600   88.500  1.480
2020.02. 1 32 19:20:00 100  5.150  4.624  2.820  3.700 110.000  206.800  183.300   95.700   73.400  1.470
2020.02. 1 32 19:25:00 100  5.150  4.624  3.220  3.500 110.000  227.500  183.300  100.400  143.400  3.050
2020.02. 1 32 19:30:00 100  5.650  4.124  3.420  3.700 110.000  227.500  165.900  100.200   85.000  2.210
2020.02. 1 32 19:35:00 100  5.650  4.047  3.420  3.700 110.000  224.700  175.400  108.500   70.800  1.760
2020.02. 1 32 19:40:00 100  5.650  4.047  3.420  3.400 100.000  224.700  175.400  108.500   98.700  1.520
2020.02. 1 32 19:45:00 100  5.600  4.047  3.320  3.300  90.000  223.000  175.400  104.200   89.200  1.990
2020.02. 1 32 19:50:00 100  5.550  4.248  3.320  3.300  95.000  223.000  171.400  104.600   83.700  2.000
2020.02. 1 32 19:55:00 100  5.550  4.347  3.220  3.200  95.000  223.000  173.400  108.900   83.300  2.070
2020.02. 1 32 20: 0:00 100  5.600  4.347  3.220  3.200  90.000  228.200  173.400  103.900  112.200  2.160
2020.02. 1 32 20: 5:00 100  5.650  4.347  3.120  3.100  95.000  233.500  173.400  112.400  100.500  1.670
2020.02. 1 32 20:10:00 100  5.950  4.212  3.220  3.300  95.000  228.200  167.700  100.200   85.800  1.780
2020.02. 1 32 20:15:00 100  5.950  4.102  3.320  3.300 100.000  225.600  165.200  105.000   67.700  1.820
2020.02. 1 32 20:20:00 100  5.825  4.148  3.320  3.300 100.000  220.000  161.200  105.000   81.500  3.000
2020.02. 1 32 20:25:00 100  5.750  4.224  3.320  3.300 100.000  217.400  165.300  105.000   77.300  1.950
2020.02. 1 32 20:30:00 100  5.750  4.424  3.220  3.200  90.000  217.400  166.200   96.100   63.500  1.640
2020.02. 1 32 20:35:00 100  5.650  4.424  3.320  3.300 105.000  213.100  166.200   99.900  156.400  3.040
2020.02. 1 32 20:40:00 100  5.550  4.248  2.920  3.200  95.000  248.300  168.000   95.500   72.400  2.290
2020.02. 1 32 20:45:00 100  5.550  3.424  2.720  2.700  95.000  247.900  144.300   96.800  115.500  3.200
2020.02. 1 32 20:50:00 100  5.550  3.424  2.820  3.000  85.000  247.900  144.300   87.300  112.600  4.050
2020.02. 1 32 20:55:00 100  5.650  4.248  3.120  3.100  95.000  247.900  164.300   95.500  112.500  1.760
2020.02. 1 32 21: 0:00 100  5.950  4.448  2.520  2.900  95.000  243.100  193.200   96.400   99.800  1.890
2020.02. 1 32 21: 5:00 100  6.050  4.148  2.720  3.300 105.000  243.100  181.000  100.200   79.100  2.360
2020.02. 1 32 21:10:00 100  6.050  4.047  2.820  3.100  90.000  221.500  171.300   95.700   65.000  1.650
2020.02. 1 32 21:15:00 100  6.050  4.047  3.120  3.500 105.000  221.500  171.300   95.500   76.100  1.840
2020.02. 1 32 21:20:00 100  6.050  3.823  2.520  3.500  96.000  211.100  164.200   99.100   65.000  1.930
2020.02. 1 32 21:25:00 100  6.050  3.823  3.020  4.500  99.000  203.900  164.200   95.400   86.900  1.000
2020.02. 1 32 21:30:00 100  5.900  3.823  3.020  3.500 100.000  203.900  164.200   95.400   70.300  1.210
2020.02. 1 32 21:35:00 100  5.850  3.823  2.420  3.300 100.000  205.300  164.200   90.400  139.600  4.020
2020.02. 1 32 21:40:00 100  5.850  4.101  2.820  2.800  90.000  205.300  170.000   94.000   49.400  1.720
2020.02. 1 32 21:45:00 100  5.850  4.101  2.420  2.900 105.000  205.300  170.000   90.500   59.600  1.110
2020.02. 1 32 21:50:00 100  5.800  3.823  2.420  2.900 105.000  203.400  175.700   95.900   94.200  6.000
2020.02. 1 32 21:55:00 100  5.550  3.823  2.920  2.900  95.000  211.200  175.700  103.400   70.400  1.050
2020.02. 1 32 22: 0:00 100  5.200  3.823  2.920  2.900 100.000  203.700  175.700  100.000   81.500  2.220
2020.02. 1 32 22: 5:00 100  5.150  3.823  2.920  3.100 115.000  203.700  175.700  102.600   90.900  1.300
2020.02. 1 32 22:10:00 100  5.150  3.823  2.420  3.200 115.000  203.700  175.700  103.800   84.900  1.000
2020.02. 1 32 22:15:00 100  5.250  3.823  2.420  3.300 116.000  202.300  175.700  110.000   79.500  4.260
2020.02. 1 32 22:20:00 100  5.250  3.823  2.720  3.300 115.000  202.300  175.700   95.500   78.900  1.030
2020.02. 1 32 22:25:00 100  5.000  3.823  2.820  3.200 115.000  198.900  175.700  100.000   69.400  1.000
2020.02. 1 32 22:30:00 100  4.850  3.823  2.420  3.100 112.000  198.900  175.700   93.900   68.200  1.670
2020.02. 1 32 22:35:00 100  4.850  3.823  2.320  3.100 115.000  214.500  175.700  114.800   63.700  2.310
2020.02. 1 32 22:40:00 100  4.700  3.823  2.220  3.200 108.000  215.500  175.700   98.900   86.100  2.080
2020.02. 1 32 22:45:00 100  4.700  3.823  2.220  3.700 115.000  229.400  175.700  107.800  166.600  1.710
2020.02. 1 32 22:50:00 100  4.700  3.224  2.120  3.100 115.000  229.400  175.200   99.400   63.700  3.770
2020.02. 1 32 22:55:00 100  4.850  3.224  2.120  2.400 120.000  229.400  175.200  105.600   58.500  1.610
2020.02. 1 32 23: 0:00 100  4.950  3.224  2.020  2.000 120.000  238.500  175.200  110.000   85.500  2.660
2020.02. 1 32 23: 5:00 100  5.125  3.224  2.120  2.100 130.000  257.500  175.200  113.300  115.000  2.370
2020.02. 1 32 23:10:00 100  5.125  3.224  2.120  2.100 130.000  257.500  175.200  110.000  106.500  3.760
2020.02. 1 32 23:15:00 100  5.125  3.224  2.120  2.100 120.000  234.500  175.200  105.900   60.800  1.250
2020.02. 1 32 23:20:00 100  5.350  3.224  1.920  4.900 164.000  234.500  175.200  110.000   65.900  1.930
2020.02. 1 32 23:25:00 100  5.350  3.224  1.911 -1.000  -1.000  234.500  175.200  110.000   50.200  2.540
2020.02. 1 32 23:30:00 100  5.350  3.224  2.020  2.000 125.000  228.100  175.200  116.700   58.300  1.760
2020.02. 1 32 23:35:00 100  5.300  3.224  1.820  1.800 130.000  227.300  175.200  110.000   59.200  1.900
2020.02. 1 32 23:40:00 100  5.300  3.224  1.920  3.700 165.000  228.100  175.200  115.000   52.600  1.480
2020.02. 1 32 23:45:00 100  5.300  3.224  1.613 -1.000  -1.000  230.700  175.200  110.000   55.800  2.120
2020.02. 1 32 23:50:00 100  5.350  3.224  1.528 -1.000  -1.000  243.100  175.200  110.000   73.300  5.420
2020.02. 1 32 23:55:00 100  5.450  3.224  1.439 -1.000  -1.000  248.100  175.200  110.000   61.100  3.050
2020.02. 2 33  0: 0:00 100  5.450  3.224  1.363 -1.000  -1.000  247.900  175.200  110.000   62.400  2.660
2020.02. 2 33  0: 5:00 100  5.600  3.224  1.270 -1.000  -1.000  247.900  175.200  110.000   55.900  2.650
2020.02. 2 33  0:10:00 100  5.750  3.224  1.177 -1.000  -1.000  242.000  175.200  110.000   43.400  2.240
2020.02. 2 33  0:15:00 100  5.900  3.224  1.085 -1.000  -1.000  240.600  175.200  110.000   44.400  2.420
2020.02. 2 33  0:20:00 100  6.000  3.224  0.996 -1.000  -1.000  240.600  175.200  110.000   38.700  2.550
2020.02. 2 33  0:25:00 100  6.000  3.224  0.912 -1.000  -1.000  240.600  175.200  110.000   88.000  2.700
2020.02. 2 33  0:30:00 100  6.200 -1.000  0.832 -1.000  -1.000  272.800   -1.000  110.000   32.800  2.740
2020.02. 2 33  0:35:00 100  6.000 -1.000  0.759 -1.000  -1.000  229.100   -1.000  110.000  101.100  2.460
2020.02. 2 33  0:40:00 100  5.700 -1.000  0.692 -1.000  -1.000  233.500   -1.000  110.000   31.900  2.770
2020.02. 2 33  0:45:00 100  5.600 -1.000  0.631 -1.000  -1.000  233.500   -1.000  110.000   43.600  4.230
2020.02. 2 33  0:50:00 100  5.400 -1.000  0.577 -1.000  -1.000  233.500   -1.000  110.000   75.300  2.530
2020.02. 2 33  0:55:00 100  5.100 -1.000  0.529 -1.000  -1.000  253.900   -1.000  110.000   36.600  3.100
2020.02. 2 33  1: 0:00 100  4.900 -1.000  0.487 -1.000  -1.000  253.900   -1.000  110.000   72.100  2.490
2020.02. 2 33  1: 5:00 100  4.700 -1.000  0.452 -1.000  -1.000  258.100   -1.000  110.000   82.800  2.490
2020.02. 2 33  1:10:00 100  4.500 -1.000  0.422 -1.000  -1.000  266.100   -1.000  110.000   73.200  2.470
2020.02. 2 33  1:15:00 100  4.400 -1.000  0.398 -1.000  -1.000  266.200   -1.000  110.000   80.400  2.450
2020.02. 2 33  1:20:00 100  4.200 -1.000  0.378 -1.000  -1.000  266.200   -1.000  110.000   77.100  2.440
2020.02. 2 33  1:25:00 100  3.900 -1.000  0.373 -1.000  -1.000  247.900   -1.000  110.000   42.200  4.020
2020.02. 2 33  3:35:00 100  2.400 -1.000  0.373 -1.000  -1.000  247.900   -1.000  110.000   36.100  5.050
2020.02. 2 33  3:40:00 100  2.400 -1.000  0.373 -1.000  -1.000  247.900   -1.000  110.000   40.000  6.000
2020.02. 2 33  3:45:00 100  2.400 -1.000  0.373 -1.000  -1.000  254.200   -1.000  110.000   27.100  2.460
2020.02. 2 33  3:50:00 100  2.600 -1.000  0.373 -1.000  -1.000  275.900   -1.000  110.000   64.400  6.000
2020.02. 2 33  3:55:00 100  2.600 -1.000  0.373 -1.000  -1.000  278.300   -1.000  110.000   72.600  2.540
2020.02. 2 33  4: 0:00 100  2.600 -1.000  0.373 -1.000  -1.000  278.300   -1.000  110.000   72.600  2.540
2020.02. 2 33  4: 5:00 100  2.600 -1.000  0.373 -1.000  -1.000  278.300   -1.000  110.000   95.400  2.520
2020.02. 2 33  4:10:00 100  2.400 -1.000  0.373 -1.000  -1.000  315.000   -1.000  110.000   36.800  4.310
2020.02. 2 33  4:15:00 100  2.400 -1.000  0.373 -1.000  -1.000  271.900   -1.000  110.000  140.400  1.730
2020.02. 2 33  4:20:00 100  2.600 -1.000  0.373 -1.000  -1.000  320.600   -1.000  110.000   46.900  6.000
2020.02. 2 33  4:25:00 100  2.700 -1.000  0.373 -1.000  -1.000  280.800   -1.000  110.000  105.800  2.510
2020.02. 2 33  4:30:00 100  2.700 -1.000  0.373 -1.000  -1.000  310.300   -1.000  110.000   64.200  6.000
2020.02. 2 33  4:35:00 100  2.700 -1.000  0.373 -1.000  -1.000  280.800   -1.000  110.000   83.900  6.000
2020.02. 2 33  4:40:00 100  2.700 -1.000  0.373 -1.000  -1.000  277.700   -1.000  110.000   46.600  3.930
2020.02. 2 33  4:45:00 100  2.700 -1.000  0.373 -1.000  -1.000  277.700   -1.000  110.000   39.800  3.150
2020.02. 2 33  4:50:00 100  2.700 -1.000  0.373 -1.000  -1.000  284.500   -1.000  110.000   45.400  5.860
2020.02. 2 33  4:55:00 100  2.800 -1.000  0.373 -1.000  -1.000  284.500   -1.000  110.000   49.300  6.000
2020.02. 2 33  5: 0:00 100  2.800 -1.000  0.373 -1.000  -1.000  274.000   -1.000  110.000   48.800  5.530
2020.02. 2 33  5: 5:00 100  2.900 -1.000  0.373 -1.000  -1.000  274.000   -1.000  110.000   37.200  2.710
2020.02. 2 33  5:10:00 100  2.900 -1.000  0.373 -1.000  -1.000  276.500   -1.000  110.000   55.300  5.440
2020.02. 2 33  5:15:00 100  2.900 -1.000  0.373 -1.000  -1.000  276.500   -1.000  110.000  102.300  2.520
2020.02. 2 33  5:20:00 100  2.900 -1.000  0.373 -1.000  -1.000  256.400   -1.000  110.000   32.700  2.380
2020.02. 2 33  5:25:00 100  2.900 -1.000  0.373 -1.000  -1.000  256.400   -1.000  110.000   41.300  4.200
2020.02. 2 33  5:30:00 100  2.800 -1.000  0.373 -1.000  -1.000  271.300   -1.000  110.000   54.100  6.000
2020.02. 2 33  5:35:00 100  2.900 -1.000  0.373 -1.000  -1.000  275.500   -1.000  110.000   51.900  6.000
2020.02. 2 33  5:40:00 100  2.800 -1.000  0.373 -1.000  -1.000  272.400   -1.000  110.000   77.800  2.490
2020.02. 2 33  5:45:00 100  2.800 -1.000  0.373 -1.000  -1.000  290.600   -1.000  110.000   57.600  6.000
2020.02. 2 33  5:50:00 100  2.800 -1.000  0.373 -1.000  -1.000  286.200   -1.000  110.000   83.200  2.510
2020.02. 2 33  5:55:00 100  2.700 -1.000  0.373 -1.000  -1.000  292.700   -1.000  110.000   64.600  6.000
2020.02. 2 33  6: 0:00 100  2.700 -1.000  0.373 -1.000  -1.000  290.900   -1.000  110.000  146.900  1.480
2020.02. 2 33  6: 5:00 100  2.700 -1.000  0.373 -1.000  -1.000  296.200   -1.000  110.000   53.800  5.090
2020.02. 2 33  6:10:00 100  2.800 -1.000  0.373 -1.000  -1.000  296.200   -1.000  110.000   60.500  4.660
2020.02. 2 33  6:15:00 100  2.900 -1.000  0.373 -1.000  -1.000  296.200   -1.000  110.000   65.300  6.000
2020.02. 2 33  6:20:00 100  2.900 -1.000  0.373 -1.000  -1.000  305.100   -1.000  110.000   49.900  3.860
2020.02. 2 33  6:25:00 100  3.000 -1.000  0.373 -1.000  -1.000  300.600   -1.000  110.000   97.900  2.510
2020.02. 2 33  8:35:00 100  3.200 -1.000  0.373 -1.000  -1.000  303.900   -1.000  110.000   59.400  3.880
2020.02. 2 33  8:40:00 100  3.300 -1.000  0.373 -1.000  -1.000  303.900   -1.000  110.000   60.800  3.560
2020.02. 2 33  8:45:00 100  3.300 -1.000  0.373 -1.000  -1.000  303.900   -1.000  110.000   86.100  2.440
2020.02. 2 33  8:50:00 100  3.400 -1.000  0.373 -1.000  -1.000  297.100   -1.000  110.000   57.400  3.710
2020.02. 2 33  8:55:00 100  3.400 -1.000  0.373 -1.000  -1.000  297.100   -1.000  110.000   56.500  3.280
2020.02. 2 33  9: 0:00 100  3.400 -1.000  0.373 -1.000  -1.000  297.100   -1.000  110.000   74.100  3.810
2020.02. 2 33  9: 5:00 100  3.500 -1.000  0.373 -1.000  -1.000  296.400   -1.000  110.000   60.000  3.860
2020.02. 2 33  9:10:00 100  3.400 -1.000  0.373 -1.000  -1.000  294.600   -1.000  110.000   61.900  3.860
2020.02. 2 33  9:15:00 100  3.400 -1.000  0.373  3.000  -1.000  288.200   -1.000  110.000   57.500  3.640
2020.02. 2 33  9:20:00 100  3.400 -1.000  0.373  2.800  -1.000  287.100   -1.000  110.000   45.100  3.020
2020.02. 2 33  9:25:00 100  3.400 -1.000  0.373  3.000  -1.000  284.700   -1.000  110.000   59.700  3.610
2020.02. 2 33  9:30:00 100  3.400 -1.000  0.373  3.200  -1.000  287.100   -1.000  110.000   54.600  3.460
2020.02. 2 33  9:35:00 100  3.300 -1.000  0.373  3.300  -1.000  287.600   -1.000  110.000   50.100  3.080
2020.02. 2 33  9:40:00 100  3.300 -1.000  0.373  3.300  -1.000  287.600   -1.000  110.000   51.100  3.430
2020.02. 2 33  9:45:00 100  3.300 -1.000  0.373  3.200  -1.000  287.600   -1.000  110.000   52.900  3.210
2020.02. 2 33  9:50:00 100  3.400 -1.000  0.373  3.300  -1.000  285.900   -1.000  110.000   63.300  4.900
2020.02. 2 33  9:55:00 100  3.500 -1.000  0.373  3.200  -1.000  280.200   -1.000  110.000   35.800  2.840
2020.02. 2 33 10: 0:00 100  3.500 -1.000  0.373  3.200  -1.000  272.500   -1.000  110.000   55.500  3.450
2020.02. 2 33 10: 5:00 100  3.500 -1.000  0.373  3.100  -1.000  272.500   -1.000  110.000   53.000  3.770
2020.02. 2 33 10:10:00 100  3.600 -1.000  0.373  3.100  -1.000  272.200   -1.000  110.000   50.000  3.440
2020.02. 2 33 10:15:00 100  3.600 -1.000  0.373  3.100  -1.000  267.700   -1.000  110.000   52.700  3.800
2020.02. 2 33 10:20:00 100  3.600 -1.000  0.373  3.100  -1.000  257.700   -1.000  110.000   45.100  3.550
2020.02. 2 33 10:25:00 100  3.700 -1.000  0.373  2.900  -1.000  254.300   -1.000  110.000   48.800  3.920
2020.02. 2 33 10:30:00 100  3.700 -1.000  0.373  2.800  -1.000  247.900   -1.000  110.000   39.300  3.080
2020.02. 2 33 10:35:00 100  3.800 -1.000  0.373  2.700  -1.000  246.100   -1.000  110.000   42.100  4.020
2020.02. 2 33 10:40:00 100  4.000 -1.000  0.373  2.700  -1.000  245.300   -1.000  110.000   43.500  3.660
2020.02. 2 33 10:45:00 100  4.000 -1.000  0.373  2.900  -1.000  235.000   -1.000  110.000   36.500  3.530
2020.02. 2 33 10:50:00 100  3.900 -1.000  0.373  2.800  -1.000  227.700   -1.000  110.000   34.000  3.680
2020.02. 2 33 10:55:00 100  3.900 -1.000  0.373  2.900  -1.000  221.500   -1.000  110.000   26.200  2.500
2020.02. 2 33 11: 0:00 100  3.900 -1.000  0.373 -1.000  -1.000  221.500   -1.000  110.000   28.600  3.140
2020.02. 2 33 11: 5:00 100  3.900 -1.000  0.373 -1.000  -1.000  221.600   -1.000  110.000   42.100  6.000
2020.02. 2 33 11:10:00 100  3.900 -1.000  0.373 -1.000  -1.000  221.600   -1.000  110.000   37.800  5.240
2020.02. 2 33 11:15:00 100  3.600 -1.000  0.373 -1.000  -1.000  215.500   -1.000  110.000   33.800  3.770
2020.02. 2 33 11:20:00 100  3.600 -1.000  0.373 -1.000  -1.000  215.500   -1.000  110.000   33.200  4.000
2020.02. 2 33 11:25:00 100  3.600 -1.000  0.373 -1.000  -1.000  220.500   -1.000  110.000   62.000  2.500
2020.02. 2 33 13:40:00 100  4.150 -1.000  1.554 -1.000  -1.000  220.500   -1.000  110.000   46.500  5.490
2020.02. 2 33 13:45:00 100  4.250 -1.000  1.638 -1.000  -1.000  220.200   -1.000  110.000   48.100  2.780
2020.02. 2 33 13:50:00 100  4.350 -1.000  1.820 -1.000 150.000  208.800   -1.000  110.000   67.100  4.130
2020.02. 2 33 13:55:00 100  4.406 -1.000  2.020 -1.000 140.000  218.700   -1.000  119.500   50.100  1.940
2020.02. 2 33 14: 0:00 100  4.450 -1.000  2.020 -1.000 130.000  215.900   -1.000  118.800   50.100  3.620
2020.02. 2 33 14: 5:00 100  4.500 -1.000  2.120 -1.000 145.000  215.900   -1.000  120.800   62.200  2.880
2020.02. 2 33 14:10:00 100  4.550 -1.000  1.920 -1.000 130.000  214.000   -1.000  109.900   47.300  1.900
2020.02. 2 33 14:15:00 100  4.650 -1.000  1.920 -1.000 130.000  214.000   -1.000  108.200   56.900  2.830
2020.02. 2 33 14:20:00 100  4.650 -1.000  2.120 -1.000 130.000  214.000   -1.000  111.400   55.100  2.330
2020.02. 2 33 14:25:00 100  4.950 -1.000  2.420 -1.000 115.000  208.800   -1.000  116.300   60.200  1.410
2020.02. 2 33 14:30:00 100  4.950  3.923  2.120 -1.000 125.000  206.300  145.400  109.400   50.100  1.510
2020.02. 2 33 14:35:00 100  4.950  3.923  2.220 -1.000 105.000  206.300  145.400  107.800   56.900  1.320
2020.02. 2 33 14:40:00 100  4.950  3.923  2.320 -1.000 115.000  202.300  145.400  111.400   57.800  1.400
2020.02. 2 33 14:45:00 100  4.950  3.923  2.320 -1.000 110.000  206.300  145.400  108.800   64.200  1.340
2020.02. 2 33 14:50:00 100  5.150  3.923  2.420 -1.000 110.000  202.300  145.400  108.900   62.900  2.070
2020.02. 2 33 14:55:00 100  5.150  3.923  2.420 -1.000 105.000  195.400  145.400  108.800   56.500  1.000
2020.02. 2 33 15: 0:00 100  5.150  3.923  2.420 -1.000 105.000  195.400  145.400  108.800   52.400  1.000
2020.02. 2 33 15: 5:00 100  4.950  3.923  2.420 -1.000 105.000  236.300  145.400  105.000  135.500  3.140
2020.02. 2 33 15:10:00 100  4.950  3.923  2.420 -1.000 105.000  236.300  145.400  107.500  161.900  3.060
2020.02. 2 33 15:15:00 100  4.950  3.923  2.620  1.800 105.000  214.700  145.400  111.700   89.100  1.990
2020.02. 2 33 15:20:00 100  4.950  3.923  2.420  2.000 105.000  195.000  145.400  102.600   68.600  1.000
2020.02. 2 33 15:25:00 100  4.950  3.923  2.720  2.100 105.000  189.900  145.400  112.600   62.700  1.000
2020.02. 2 33 15:30:00 100  4.950  4.523  2.920  2.100 100.000  189.900  168.000  116.800   72.200  1.190
2020.02. 2 33 15:35:00 100  4.950  4.523  2.820  2.100 105.000  207.500  168.000  110.800   87.100  2.220
2020.02. 2 33 15:40:00 100  4.750  4.523  2.720  1.900 100.000  207.500  168.000  107.700   97.000  2.050
2020.02. 2 33 15:45:00 100  4.750  4.523  2.420  2.100 100.000  208.700  168.000   99.100   86.600  1.790
2020.02. 2 33 15:50:00 100  4.950  4.523  3.020  2.400 100.000  241.800  168.000  116.900  130.000  3.260
2020.02. 2 33 15:55:00 100  4.950  4.523  3.020  2.100 100.000  241.800  168.000  116.700  165.500  3.060
2020.02. 2 33 16: 0:00 100  4.875  3.512  2.720  2.200 100.000  254.900  145.400  106.300   78.700  1.610
2020.02. 2 33 16: 5:00 100  4.875  3.512  3.020  2.300 100.000  220.200  145.400  116.700  152.100  4.660
2020.02. 2 33 16:10:00 100  4.950  3.847  2.720  2.300 100.000  220.200  177.200  104.500   80.200  1.490
2020.02. 2 33 16:15:00 100  5.150  4.047  2.920  2.400 100.000  219.600  171.600  108.200   72.100  1.430
2020.02. 2 33 16:20:00 100  5.250  3.948  2.720  2.400 100.000  219.600  168.100  102.800   81.900  1.990
2020.02. 2 33 16:25:00 100  5.350  4.148  2.820  2.400 100.000  229.500  169.000  105.600   89.500  3.130
2020.02. 2 33 18:35:00 100  5.650  4.248  3.220  2.400 125.000  229.500  173.500  110.000   82.000  2.790
2020.02. 2 33 18:40:00 100  5.650  4.448  3.220  2.400 100.000  230.700  161.400  108.900   80.700  1.760
2020.02. 2 33 18:45:00 100  5.650  4.248  3.020  2.600 100.000  212.000  178.600  103.800  112.100  5.280
2020.02. 2 33 18:50:00 100  5.550  4.448  3.120  2.400 100.000  213.700  173.600  108.800   72.900  1.570
2020.02. 2 33 18:55:00 100  5.525  4.248  3.220  2.700  95.000  213.700  175.600  108.600   63.800  1.660
2020.02. 2 33 19: 0:00 100  5.525  4.248  3.020  2.900 100.000  213.700  176.300  104.500   64.500  1.830
2020.02. 2 33 19: 5:00 100  5.525  4.248  3.020  2.800  95.000  214.700  165.900   99.000   72.800  1.610
2020.02. 2 33 19:10:00 100  5.350  4.248  3.020  2.700 100.000  225.000  167.300  104.200  100.200  2.160
2020.02. 2 33 19:15:00 100  5.350  4.248  3.220  2.400 120.000  250.000  173.700  114.600  123.700  3.040
2020.02. 2 33 19:20:00 100  5.350  4.248  3.020  3.000 115.000  253.200  173.700  106.400  143.300  1.110
2020.02. 2 33 19:25:00 100  5.550  4.347  3.020  3.000 100.000  254.300  181.700  108.500  118.700  3.190
2020.02. 2 33 19:30:00 100  5.550  4.448  3.020  2.700  95.000  254.700  177.400  103.900  140.700  1.940
2020.02. 2 33 19:35:00 100  5.750  4.347  3.020  3.000  90.000  254.300  190.100  102.700  120.500  2.400
2020.02. 2 33 19:40:00 100  5.850  4.648  3.020  2.700  95.000  235.700  179.900  103.900   99.400  1.970
2020.02. 2 33 19:45:00 100  6.050  4.003  3.020  2.900  95.000  233.200  149.500  103.400  108.900  1.190
2020.02. 2 33 19:50:00 100  6.150  3.948  2.820  2.700  90.000  232.700  160.300   99.000   85.500  1.290
2020.02. 2 33 19:55:00 100  6.350  4.148  3.020  2.800  95.000  232.700  172.600  105.400   69.900  1.930
2020.02. 2 33 20: 0:00 100  6.350  4.148  3.220  3.200  90.000  232.700  181.300  108.100   54.900  1.980
2020.02. 2 33 20: 5:00 100  6.563  4.171  3.320  3.200  95.000  228.800  186.000  107.800   65.400  4.420
2020.02. 2 33 20:10:00 100  6.700  4.047  3.320  3.000  95.000  228.800  174.400  117.400   63.700  1.210
2020.02. 2 33 20:15:00 100  6.700  4.047  3.220  3.100 100.000  214.900  174.400  113.600   51.400  1.000
2020.02. 2 33 20:20:00 100  6.700  4.047  3.320  3.200  95.000  214.900  174.400  117.400   57.600  1.000
2020.02. 2 33 20:25:00 100  6.550  4.047  3.220  3.000  95.000  221.000  174.400  113.400   63.800  2.180
2020.02. 2 33 20:30:00 100  6.350  4.023  3.220  3.000  95.000  221.000  179.200  113.400   67.300  3.080
2020.02. 2 33 20:35:00 100  5.850  4.302  3.120  3.000  95.000  214.900  169.300  112.000   63.300  2.620
2020.02. 2 33 20:40:00 100  5.850  4.047  3.120  3.200  95.000  214.900  156.700  108.400   79.500  2.220
2020.02. 2 33 20:45:00 100  5.650  4.648  3.120  3.000  95.000  233.100  178.900  112.000   83.800  1.070
2020.02. 2 33 20:50:00 100  5.850  4.248  3.120  3.000  95.000  237.000  166.500  111.800  113.300  2.180
2020.02. 2 33 20:55:00 100  5.650  4.212  2.920  3.000 100.000  237.000  192.100  112.300   87.400  3.190
2020.02. 2 33 21: 0:00 100  5.750  3.812  2.820  3.000  95.000  222.500  152.000  105.000   75.400  1.720
2020.02. 2 33 21: 5:00 100  5.650  4.248  2.720  3.000 105.000  222.500  180.000  104.100   60.500  2.270
2020.02. 2 33 21:10:00 100  5.750  4.347  2.720  1.800 100.000  223.600  186.200  104.200   61.500  2.050
2020.02. 2 33 21:15:00 100  5.750  4.047  2.920  1.800 100.000  223.600  185.600  112.200   65.300  4.350
2020.02. 2 33 21:20:00 100  5.825  3.948  2.820  1.900 110.000  216.400  169.600  108.700   63.700  1.470
2020.02. 2 33 21:25:00 100  5.825  3.948  2.920 -1.000 100.000  216.400  173.900  112.900   51.500  2.500
2020.02. 2 33 23:35:00 100  5.150 -1.000  1.820 -1.000 120.000  218.000   -1.000  110.000   56.200  3.200
2020.02. 2 33 23:40:00 100  5.150 -1.000  1.820 -1.000 110.000  218.000   -1.000  110.000   51.500  1.810
2020.02. 2 33 23:45:00 100  5.200 -1.000  1.920 -1.000 110.000  218.000   -1.000  110.000   53.900  1.690
2020.02. 2 33 23:50:00 100  5.201 -1.000  1.543 -1.000  -1.000  227.700   -1.000  110.000   46.400  4.570
2020.02. 2 33 23:55:00 100  5.325 -1.000  1.454 -1.000  -1.000  229.600   -1.000  110.000   45.600  4.870
